$SPEC_ID:
No sample description was entered.
$SPEC_REM:
DET# 1
DETDESC# MCB 338
AP# Maestro Version 6.06
$DATE_MEA:
07/31/2019 12:52:13
$MEAS_TIM:
3770 3771
$DATA:
0 8191
       0
       0
       0
       0
       0
       0
       0
       0
       0
       0
       0
       0
       0
       0
       0
       0
       0
       0
       0
       0
       0
       0
       0
       0
       0
       0
       0
       0
       0
       0
       0
       0
       0
       0
       0
       0
       0
       0
       0
       0
       0
       0
       0
       0
       0
       0
       0
       0
       0
       0
       0
       1
       5
      12
      46
      60
      80
      83
     114
     115
      95
     104
     100
      93
      91
      95
      92
      88
     107
     103
      86
      79
      96
      88
      80
      98
      83
      93
      78
      75
      82
      72
      73
      88
      85
      68
      75
      81
      71
      82
      73
      71
      80
      91
      97
      90
      71
      67
      69
      74
      85
      81
      75
      70
      62
      85
      58
      60
      62
      72
      76
      76
      71
      78
      52
      65
      76
      70
      74
      65
      64
      74
      70
      72
      73
      67
      60
      66
      67
      64
      73
      73
      76
      60
      79
      91
      73
      93
     104
     121
     105
      87
      66
      78
      80
      52
      69
      63
      82
      73
      74
      67
      66
      63
      76
      78
      78
      82
      77
      78
      81
      96
      87
     105
     103
      93
     107
      74
      88
      97
      83
      88
      73
      75
      66
      78
      73
      85
      75
      96
      70
      71
      84
      79
      86
      85
     101
     100
     114
     101
     119
     106
     108
     152
     121
     106
     101
     117
     122
     111
     135
     117
     152
     225
     317
     440
     996
    2175
    2435
    1431
     489
     134
      62
      61
      75
      73
      78
      84
      62
      73
      45
      80
      66
      64
      71
      56
      55
      65
      54
      78
      84
      76
      48
      65
      71
      78
      72
      83
      74
      69
      64
      75
      80
      70
      74
      67
      64
      72
      81
      68
      90
      66
      72
      70
      72
      85
      88
      61
      72
      74
      76
      77
      83
      66
      70
      85
      79
      85
      79
      68
      61
      79
      75
      65
      80
      87
      77
      75
      80
      72
      81
      77
      61
      68
      64
      68
      73
      73
      98
      71
      66
      68
      81
      77
      64
      67
      80
      75
      74
      64
      84
      83
      82
      76
      83
      75
      71
      90
      62
      74
      67
      68
      83
      79
      67
      64
      74
      81
      65
      71
      72
      69
      71
      86
      87
      78
      81
      89
      81
      74
      73
      80
      87
      85
      97
      57
      69
      80
      98
      96
      81
      97
      90
      96
      87
      84
      92
     103
      98
      92
      78
      82
     103
      81
      92
      95
      87
      91
     103
      93
     117
      89
      86
      90
      92
      87
      89
      79
      92
      91
      86
      91
      97
      90
      95
      89
     106
     107
     101
     111
     110
     121
     114
     129
     111
      95
     119
      90
     135
     100
     107
     104
      88
      94
     112
     120
      87
     111
     123
     101
      99
      95
     106
     104
     125
     148
     140
     142
     116
      88
      97
      88
      96
      80
      71
      94
      72
      75
      77
      79
      97
      84
      87
      73
      69
      77
      75
      91
      68
      68
      89
      65
      63
      77
      50
      59
      69
      77
      62
      55
      64
      61
      73
      72
      73
      55
      64
      76
      76
      68
      54
      66
      64
      61
      74
      77
      69
      58
      79
      60
      70
      65
      53
      70
      59
      65
      76
      72
      62
      63
      68
      56
      72
      49
      62
      60
      72
      62
      62
      57
      66
      54
      60
      59
      70
      66
      64
      64
      45
      62
      49
      58
      61
      68
      82
      53
      56
      60
      62
      56
      63
      71
      46
      56
      57
      74
      65
      70
      52
      62
      49
      51
      53
      68
      54
      51
      57
      46
      48
      46
      59
      50
      50
      48
      51
      54
      39
      50
      52
      41
      49
      39
      48
      52
      45
      60
      39
      47
      34
      52
      32
      42
      43
      43
      40
      42
      33
      41
      44
      35
      41
      32
      43
      41
      36
      43
      35
      31
      30
      40
      74
      56
      58
      31
      42
      34
      38
      27
      40
      32
      31
      31
      35
      35
      34
      31
      47
      31
      21
      38
      44
      13
      30
      31
      31
      20
      37
      34
      32
      29
      26
      32
      30
      20
      35
      27
      42
      30
      53
      51
      41
      37
      42
      23
      33
      28
      30
      28
      26
      35
      32
      34
      25
      29
      25
      28
      35
      23
      26
      21
      26
      30
      20
      21
      25
      25
      27
      29
      21
      36
      15
      23
      23
      25
      13
      28
      30
      17
      24
      26
      21
      32
      16
      19
      22
      25
      24
      22
      25
      25
      18
      25
      29
      20
      29
      30
      18
      18
      24
      17
      28
      25
      18
      22
      32
      20
      26
      22
      19
      11
      25
      14
      20
      28
      18
      25
      18
      36
      25
      13
      26
      22
      25
      18
      23
      23
      25
      16
      22
      38
      79
     198
     309
     301
     185
      84
      57
      25
      22
      21
      20
      13
      15
      14
      16
       8
      25
      20
      18
      28
      19
      18
      15
      20
      13
      18
      20
      14
      19
      16
      24
      15
      23
      18
      14
      13
      19
      18
      14
      21
      13
      23
      14
      16
      22
      13
      18
      18
      36
      29
      18
      24
      18
      12
      19
      24
      18
      16
      20
      20
      14
      22
      29
      19
      28
     103
     293
     505
     719
     592
     328
     125
      39
      18
      14
      13
      12
      18
      12
      11
      14
       8
      12
      12
      17
      12
      17
      11
       9
      13
      12
       9
      15
      14
       9
      26
      16
      10
      10
       9
      12
      18
      12
      18
      13
      13
      12
       7
      12
       9
      14
       8
       6
      14
      17
      11
      15
      11
      12
      17
       7
       7
      11
      11
      11
       6
      13
      10
      13
      16
      13
      10
       9
      21
      12
      12
      12
      17
       8
      14
      13
      15
       9
      16
      15
      10
       9
      11
       9
      12
      13
      14
      11
      14
      14
       8
      16
      13
      10
      11
       6
      12
       7
      13
      15
      15
       4
      15
      10
      12
      19
      17
       9
      10
      14
      15
       8
       9
       9
       5
      17
       6
       9
      10
      10
      16
      12
      12
      15
      21
      27
      17
      14
      16
      27
      35
     117
     343
     869
    1524
    1742
    1488
     850
     334
      86
      13
       6
       4
       9
       5
      10
       6
       4
       5
       9
       4
       5
       7
       3
       6
       3
       9
       7
       7
       4
       8
       8
       3
       7
       5
       7
       7
      11
      12
      11
       6
      10
       3
       7
       9
       8
       6
       6
       4
       8
       4
       5
       7
       6
       6
       6
       4
       4
       1
      11
      10
       3
       4
       8
       4
      10
       2
       7
       9
      13
      34
      61
      87
     204
     238
     201
     116
      55
      24
       7
       7
       1
      12
       3
       2
       3
       6
       6
       4
       1
       6
       5
       3
      11
       7
       5
       3
      10
       6
       2
       6
       5
       5
       9
       4
       1
       7
       6
       7
       4
       3
       1
       2
       6
       4
       7
      10
       5
       1
       6
       5
       4
       4
       3
       3
       3
       6
       9
       4
       3
       4
       2
       7
       5
       6
       5
       3
       7
       9
      15
       0
       8
       9
       8
       7
       9
       3
       6
       7
       6
       3
       4
       4
       4
       7
       5
       6
       5
       9
       1
       4
       2
       6
       6
       3
       5
       2
       3
       4
      10
       7
       7
       1
       3
       3
       3
       7
       8
       7
       5
       3
       4
       1
       6
       2
       6
       7
       3
       4
       6
       3
       5
       4
       3
       3
       3
       5
       5
       5
       7
       5
       5
       4
       5
      10
       6
      13
       7
       2
       2
       8
       3
       5
       3
       6
      11
       2
       2
       4
       4
       2
       1
       5
       6
       7
       6
       4
       3
      10
       1
       1
       4
       5
       2
       3
       3
       6
       4
       2
       6
       5
       4
       3
       3
       4
       6
       3
       4
       6
       1
       1
       5
       3
       3
       6
       5
       1
       6
       1
       2
       5
       2
       3
       3
       4
       4
       4
       4
       3
       7
       2
       2
       2
       2
       6
       6
       4
       3
       3
       3
       5
       4
       4
       3
       4
       2
       7
       4
       1
       2
       2
       1
       6
       5
       2
       4
       5
       3
       4
       2
       1
       5
       3
       7
       2
       6
       4
       3
       5
       7
       4
       2
       3
       6
       4
       1
       4
       5
       6
       6
       2
       4
       1
       3
       4
       3
       2
       2
       5
       6
       4
       4
       9
       1
       2
       6
       1
       6
       1
       7
       5
       3
       3
       4
       5
       4
       5
       6
       0
       1
       3
       5
       3
       3
       2
       1
       1
       2
       4
       4
       2
       6
       8
       2
       4
       0
       6
       3
       2
       2
       3
       5
       6
       5
       0
       1
       5
       6
       1
       4
       6
       3
       4
       4
       2
       9
       4
      15
      10
      10
      16
       8
       8
       6
       3
       1
       5
       5
       3
       2
       4
       2
       1
       3
       4
       5
       4
       1
       4
       1
       6
       3
       3
       0
       3
       1
       2
       4
       1
       2
       1
       4
       3
       3
       5
       2
       1
       3
       2
       4
       3
       4
       1
       4
       2
       6
       4
       5
       0
       2
       3
       0
       7
       3
       4
       2
       2
       2
       6
       4
       0
       1
       2
       2
       4
       3
       6
       8
       4
       6
       3
       3
       6
       4
       1
       5
       6
       4
       7
       3
       3
       1
       1
       2
       2
       3
       5
       3
       3
       5
       8
       0
       2
       2
       4
       2
       3
       4
       3
       1
       3
       4
       4
       4
       2
       4
       3
       6
       2
       3
       2
       1
       2
       4
       2
       5
       7
       2
       2
       2
       0
       7
       1
       3
       2
       2
       4
       5
       2
       3
       2
       2
       2
       2
       2
       1
       1
       1
       1
       3
       3
       4
       2
       4
       6
       1
       5
       1
       3
       5
       5
       3
       8
       1
       3
       3
       3
       2
       4
       1
       1
       6
       0
       2
       5
       2
       4
       2
       1
       2
       2
       1
       2
       4
       3
       1
      11
       7
      12
       7
       5
       9
       7
       6
       3
       2
       0
       3
       4
       1
       2
       2
       4
       3
       3
       3
       4
       0
       3
       2
       4
       3
       2
       4
       3
       4
       3
       5
       3
       4
       2
       0
       4
       3
       2
       5
       3
       1
       4
       5
       2
       3
       5
       4
       3
       7
       5
       2
       0
       2
       2
       0
       3
       4
       1
       5
       9
       7
       5
       1
       4
      10
       6
      13
      12
       6
       6
       3
       1
       0
       5
       1
       1
       1
       1
       4
       4
       4
       5
       3
       0
       4
       3
       4
       4
       3
       1
       1
       3
       2
       1
       1
       2
       1
       3
       2
       3
       6
       3
       1
       1
       4
       4
       2
       3
       2
       3
       2
       1
       5
       6
       7
       3
       2
       0
       3
       3
       2
       4
       4
       2
       4
       1
       1
       2
       2
       1
       0
       1
       2
       1
       4
       3
       1
       3
       3
       1
       4
       0
       6
       0
       2
       3
       6
       0
       1
       0
       3
       2
       3
       2
       2
       4
       4
       0
       0
       1
       2
       3
       4
       2
       1
       3
       2
       3
       1
       0
       2
       4
       1
       3
       1
       2
       2
       5
       4
       2
       2
       3
       2
       2
       2
       6
       1
       1
       2
       3
       3
       1
       2
       4
       4
       1
       3
       0
       3
       2
       2
       2
       3
       2
       2
       1
       4
       2
       1
       2
       2
       2
       0
       1
       4
       0
       2
       6
       6
       0
       2
       1
       2
       1
       3
       0
       1
       3
       3
       2
       4
       2
       4
       4
       1
       3
       3
       3
       1
       2
       4
       0
       1
       5
       2
       2
       4
       5
       2
       3
       1
       4
       4
       2
       2
       1
       2
       3
       2
       1
       0
       4
       1
       2
       2
       1
       3
       0
       3
       3
       3
       1
       4
       2
       2
       2
       2
       2
       2
       2
       2
       3
       1
       3
       2
       0
       5
       1
       3
       1
       3
       1
       2
       3
       2
       2
       4
       3
       0
       3
       5
       3
       2
       3
       0
       2
       1
       2
       3
       6
       3
       0
       2
       4
       3
       1
       3
       1
       3
       2
       1
       1
       1
       1
       1
       1
       3
       1
       4
       2
       1
       6
       3
       1
       3
       4
       5
       2
       3
       1
       3
       2
       6
       4
       2
       3
       1
       2
       3
       1
       4
       2
       1
       3
       1
       2
       2
       4
       2
       3
       5
       1
       1
       2
       3
       2
       3
       1
       1
       4
       2
       3
       2
       3
       0
       1
       3
       2
       0
       1
       2
       2
       2
       2
       3
       4
       2
       3
       0
       4
       1
       2
       0
       2
       1
       1
       0
       3
       3
       4
       2
       1
       2
       1
       0
       1
       0
       4
       1
       4
       4
       2
       0
       4
       3
       4
       1
       2
       1
       2
       2
       2
       3
       1
       2
       3
       1
       1
       2
       4
       0
       2
       3
       3
       0
       1
       0
       0
       2
       2
       1
       2
       2
       1
       3
       1
       3
       2
       1
       3
       1
       2
       2
       4
       4
       2
       3
       2
       1
       5
       4
       2
       5
       2
       1
       3
       2
       3
       3
       3
       4
       4
       2
       0
       1
       0
       1
       1
       2
       3
       1
       3
       3
       4
       2
       1
       1
       1
       2
       1
       2
       2
       1
       2
       1
       2
       5
       3
       1
       2
       2
       0
       1
       1
       3
       3
       1
       2
       6
       2
       1
       0
       2
       2
       1
       0
       1
       1
       2
       2
       0
       1
       0
       2
       2
       5
       4
       1
       1
       1
       0
       0
       1
       0
       1
       0
       2
       2
       3
       3
       3
       0
       4
       1
       1
       2
       3
       1
       4
       1
       3
       0
       4
       0
       0
       1
       2
       2
       1
       1
       2
       3
       2
       2
       5
       0
       1
       1
       3
       2
       3
       1
       2
       3
       1
       2
       2
       1
       1
       0
       1
       4
       1
       0
       2
       2
       0
       0
       0
       4
       1
       0
       5
       1
       1
       1
       3
       1
       3
       2
       5
       3
       5
       3
       1
       3
       0
       1
       0
       1
       3
       2
       4
       5
       3
       3
       4
       2
       0
       2
       1
       0
       2
       1
       2
       3
       0
       0
       1
       1
       0
       2
       0
       2
       1
       2
       4
       3
       0
       1
       1
       1
       0
       0
       2
       2
       3
       2
       1
       1
       1
       1
       0
       1
       0
       1
       0
       2
       1
       0
       2
       1
       1
       2
       2
       0
       2
       3
       2
       2
       7
       0
       2
       3
       3
       2
       1
       1
       1
       1
       0
       1
       2
       6
       3
       1
       2
       3
       3
       3
       0
       1
       1
       0
       1
       0
       2
       0
       3
       2
       2
       2
       5
       1
       1
       1
       1
       0
       0
       2
       2
       2
       2
       0
       1
       2
       2
       0
       2
       2
       0
       4
       1
       1
       1
       1
       0
       0
       0
       0
       2
       0
       1
       0
       1
       1
       0
       2
       3
       2
       0
       0
       2
       1
       1
       1
       0
       2
       0
       0
       2
       0
       2
       1
       4
       3
       1
       1
       2
       1
       1
       3
       1
       3
       0
       1
       2
       2
       4
       1
       3
       1
       1
       3
       0
       2
       0
       2
       1
       1
       2
       2
       0
       0
       1
       2
       1
       2
       1
       5
       0
       3
       0
       1
       1
       1
       0
       1
       2
       2
       3
       0
       1
       0
       1
       3
       0
       2
       1
       1
       3
       3
       2
       4
       4
       2
       3
       3
       5
       3
       4
       2
       1
       1
       1
       0
       5
       4
       1
       0
       1
       1
       1
       0
       1
       0
       1
       2
       0
       1
       1
       4
       1
       0
       1
       1
       0
       2
       2
       3
       1
       1
       2
       1
       2
       0
       0
       2
       2
       1
       2
       0
       0
       0
       0
       1
       1
       1
       2
       2
       3
       0
       3
       7
       1
       0
       3
       1
       2
       1
       0
       3
       1
       2
       2
       1
       1
       2
       1
       5
       0
       2
       3
       1
       0
       3
       3
       2
       0
       4
       2
       2
       2
       0
       1
       3
       1
       1
       2
       0
       1
       3
       0
       2
       1
       3
       2
       2
       2
       0
       3
       3
       1
       0
       2
       0
       1
       2
       1
       0
       1
       0
       0
       2
       2
       4
       1
       1
       2
       4
       2
       2
       0
       0
       1
       2
       2
       2
       3
       1
       1
       2
       3
       2
       3
       1
       5
       1
       2
       5
       3
       1
       1
       3
       0
       2
       1
       3
       0
       3
       3
       0
       0
       2
       2
       0
       3
       0
       0
       2
       4
       2
       0
       2
       0
       1
       0
       1
       0
       1
       3
       1
       2
       1
       2
       3
       0
       2
       2
       1
       1
       1
       2
       1
       2
       2
       1
       1
       0
       4
       2
       0
       2
       3
       2
       2
       2
       1
       0
       1
       2
       1
       2
       0
       1
       1
       0
       0
       2
       0
       1
       0
       2
       4
       2
       2
       0
       2
       0
       0
       3
       1
       2
       0
       2
       2
       1
       0
       1
       1
       1
       0
       0
       1
       0
       0
       0
       2
       0
       1
       1
       0
       0
       1
       3
       0
       2
       1
       4
       0
       2
       1
       1
       0
       1
       2
       0
       0
       2
       1
       2
       0
       2
       3
       1
       1
       3
       0
       4
       1
       2
       1
       0
       1
       2
       1
       1
       1
       3
       2
       1
       2
       2
       2
       0
       0
       0
       4
       0
       2
       2
       2
       0
       1
       2
       2
       1
       1
       1
       1
       3
       1
       0
       4
       1
       3
       3
       0
       2
       0
       2
       1
       2
       0
       2
       1
       1
       0
       2
       2
       2
       4
       0
       3
       0
       2
       1
       5
       1
       1
       1
       0
       5
       1
       1
       0
       4
       2
       2
       1
       1
       1
       2
       3
       2
       2
       2
       0
       1
       3
       1
       4
       2
       1
       2
       2
       2
       1
       0
       1
       0
       2
       1
       2
       1
       0
       0
       0
       1
       0
       1
       0
       1
       3
       1
       2
       1
       1
       0
       1
       2
       1
       2
       1
       1
       3
       2
       1
       1
       0
       2
       0
       0
       1
       1
       2
       2
       1
       3
       1
       0
       1
       1
       0
       0
       4
       3
       2
       1
       2
       0
       1
       0
       2
       2
       0
       1
       2
       3
       0
       3
       3
       0
       1
       2
       0
       3
       0
       1
       0
       1
       2
       0
       0
       0
       5
       0
       0
       1
       2
       1
       0
       0
       1
       2
       3
       2
       2
       1
       1
       1
       2
       2
       0
       1
       3
       1
       1
       0
       0
       0
       1
       1
       1
       0
       2
       2
       2
       0
       0
       1
       1
       2
       1
       4
       0
       1
       2
       0
       1
       4
       3
       0
       2
       0
       1
       2
       2
       2
       0
       1
       0
       1
       0
       2
       3
       0
       0
       3
       5
       2
       0
       2
       4
       4
       2
       2
       2
       2
       2
       3
       3
       2
       1
       1
       4
       4
       4
       2
       3
       2
       0
       1
       0
       0
       2
       1
       0
       0
       1
       2
       1
       0
       0
       1
       2
       1
       1
       1
       1
       2
       2
       1
       1
       2
       3
       1
       1
       4
       1
       0
       1
       0
       1
       0
       3
       0
       2
       3
       1
       2
       0
       3
       3
       1
       2
       1
       2
       2
       0
       2
       2
       2
       0
       1
       0
       1
       2
       0
       2
       1
       1
       1
       0
       2
       0
       0
       0
       0
       0
       0
       3
       0
       1
       1
       1
       3
       0
       1
       3
       2
       0
       4
       1
       2
       1
       2
       1
       0
       0
       3
       0
       0
       2
       1
       2
       1
       0
       0
       1
       3
       3
       0
       1
       3
       0
       0
       2
       1
       1
       1
       0
       1
       0
       1
       0
       1
       1
       2
       0
       1
       3
       3
       0
       0
       0
       1
       0
       2
       2
       0
       0
       2
       0
       0
       2
       1
       0
       1
       3
       1
       0
       2
       2
       0
       2
       1
       3
       1
       0
       1
       1
       2
       2
       4
       0
       5
       3
       2
       0
       0
       2
       0
       0
       2
       2
       0
       1
       2
       0
       0
       0
       2
       0
       1
       0
       0
       1
       2
       2
       2
       0
       1
       3
       3
       0
       0
       3
       2
       1
       1
       3
       2
       1
       1
       3
       2
       0
       3
       2
       1
       1
       2
       2
       1
       4
       0
       2
       1
       1
       2
       1
       0
       0
       2
       2
       1
       1
       1
       1
       4
       4
       1
       1
       2
       0
       0
       1
       2
       1
       2
       0
       0
       0
       1
       0
       1
       3
       0
       0
       1
       1
       0
       0
       3
       1
       1
       1
       1
       1
       1
       2
       2
       1
       5
       2
       1
       0
       2
       1
       2
       0
       2
       2
       2
       4
       1
       2
       1
       1
       0
       2
       4
       4
       1
       0
       1
       1
       0
       0
       1
       2
       1
       2
       0
       2
       3
       2
       3
       3
       1
       2
       1
       2
       1
       3
       0
       3
       0
       1
       0
       0
       1
       1
       1
       2
       2
       2
       1
       0
       0
       1
       0
       2
       1
       3
       2
       1
       0
       2
       1
       1
       1
       2
       0
       1
       2
       2
       3
       4
       3
       1
       2
       2
       0
       0
       1
       1
       1
       0
       0
       1
       1
       2
       1
       0
       2
       1
       1
       0
       0
       1
       0
       0
       2
       0
       1
       0
       0
       2
       0
       0
       0
       1
       2
       0
       0
       1
       0
       3
       2
       2
       1
       1
       2
       0
       2
       0
       1
       3
       1
       0
       0
       1
       0
       0
       0
       1
       0
       0
       2
       1
       0
       1
       1
       3
       1
       1
       0
       3
       0
       3
       0
       2
       0
       0
       0
       0
       1
       0
       2
       0
       2
       2
       1
       0
       0
       2
       1
       3
       2
       0
       1
       1
       0
       0
       4
       0
       0
       2
       0
       0
       2
       0
       0
       3
       1
       0
       2
       1
       0
       2
       1
       1
       0
       2
       1
       1
       1
       4
       2
       1
       2
       3
       0
       1
       0
       3
       0
       2
       1
       0
       2
       2
       2
       1
       3
       0
       0
       1
       1
       1
       0
       0
       0
       1
       1
       0
       1
       1
       1
       2
       1
       2
       2
       0
       1
       1
       0
       1
       0
       0
       0
       1
       0
       1
       1
       2
       0
       0
       0
       0
       1
       0
       1
       1
       0
       0
       0
       0
       0
       0
       1
       1
       0
       0
       0
       1
       1
       1
       2
       2
       2
       0
       2
       0
       1
       1
       0
       1
       1
       0
       0
       2
       0
       1
       1
       1
       0
       1
       0
       1
       0
       1
       0
       1
       2
       0
       1
       2
       1
       0
       0
       1
       0
       1
       2
       0
       2
       0
       1
       1
       0
       1
       0
       0
       1
       0
       1
       0
       1
       0
       0
       0
       0
       1
       0
       1
       2
       0
       0
       2
       0
       0
       2
       1
       2
       2
       3
       0
       0
       0
       0
       0
       0
       1
       0
       2
       0
       0
       0
       0
       0
       1
       1
       0
       1
       1
       0
       0
       0
       0
       0
       0
       2
       0
       1
       2
       3
       0
       0
       0
       1
       1
       0
       1
       0
       0
       0
       1
       1
       2
       1
       1
       2
       1
       1
       1
       2
       2
       1
       0
       0
       1
       1
       1
       0
       0
       3
       0
       0
       2
       0
       0
       1
       0
       1
       0
       2
       0
       2
       0
       1
       0
       0
       0
       0
       1
       1
       0
       1
       0
       1
       0
       1
       1
       2
       1
       2
       0
       0
       1
       1
       1
       0
       1
       0
       3
       2
       1
       0
       0
       2
       0
       2
       0
       2
       1
       0
       0
       1
       0
       0
       1
       0
       1
       0
       1
       1
       0
       1
       1
       3
       0
       0
       2
       2
       0
       0
       0
       1
       0
       1
       0
       0
       1
       0
       1
       0
       1
       0
       3
       0
       0
       0
       1
       0
       1
       0
       0
       0
       0
       0
       0
       0
       0
       0
       1
       2
       0
       1
       1
       0
       1
       3
       0
       0
       1
       0
       0
       1
       0
       0
       0
       1
       2
       2
       0
       0
       0
       1
       0
       1
       0
       0
       1
       0
       0
       1
       0
       0
       0
       1
       0
       2
       1
       1
       0
       0
       1
       2
       0
       0
       0
       0
       0
       1
       0
       0
       0
       0
       0
       2
       1
       0
       0
       0
       0
       1
       0
       0
       2
       3
       2
       0
       1
       0
       1
       0
       1
       0
       1
       1
       0
       1
       1
       1
       1
       2
       2
       0
       4
       4
       3
       4
       6
       7
       8
       9
      13
      12
      14
      15
       8
       7
       4
       3
       5
       0
       1
       0
       1
       0
       0
       0
       1
       0
       2
       0
       0
       0
       0
       0
       2
       1
       0
       1
       0
       0
       1
       1
       0
       1
       0
       0
       1
       2
       1
       0
       0
       1
       0
       1
       1
       0
       0
       0
       0
       0
       0
       0
       0
       1
       0
       0
       2
       0
       0
       1
       0
       0
       1
       0
       0
       1
       0
       0
       1
       0
       1
       0
       0
       1
       0
       0
       1
       0
       0
       0
       0
       2
       0
       0
       0
       0
       1
       2
       1
       1
       0
       2
       0
       1
       0
       0
       0
       0
       0
       0
       0
       1
       2
       1
       1
       0
       0
       1
       0
       0
       1
       0
       1
       0
       1
       0
       1
       1
       0
       0
       0
       1
       1
       1
       0
       3
       1
       1
       0
       0
       0
       1
       0
       0
       0
       0
       2
       1
       0
       0
       0
       1
       0
       0
       1
       0
       0
       1
       0
       1
       0
       1
       0
       0
       0
       0
       2
       1
       2
       0
       0
       0
       1
       0
       0
       0
       2
       2
       1
       1
       0
       2
       0
       0
       0
       0
       0
       0
       0
       0
       0
       0
       0
       0
       0
       0
       1
       0
       0
       0
       1
       0
       0
       1
       0
       1
       0
       1
       0
       0
       1
       2
       0
       1
       0
       0
       1
       0
       0
       0
       0
       0
       0
       0
       1
       1
       1
       0
       0
       0
       0
       0
       0
       0
       0
       1
       1
       0
       0
       0
       1
       0
       0
       0
       0
       0
       0
       0
       0
       0
       1
       0
       0
       1
       1
       0
       1
       0
       0
       1
       0
       0
       0
       0
       1
       0
       0
       0
       1
       0
       0
       1
       1
       0
       1
       0
       2
       0
       0
       0
       1
       0
       0
       0
       0
       1
       0
       0
       0
       0
       1
       0
       0
       0
       0
       0
       0
       0
       0
       1
       0
       0
       0
       0
       1
       0
       0
       2
       0
       1
       0
       0
       0
       3
       0
       1
       1
       0
       0
       0
       2
       0
       0
       0
       0
       0
       0
       0
       0
       0
       1
       0
       0
       1
       0
       0
       0
       2
       1
       0
       0
       3
       0
       0
       2
       0
       0
       0
       0
       0
       0
       1
       0
       0
       0
       0
       0
       0
       0
       1
       0
       0
       1
       0
       1
       1
       0
       0
       0
       0
       0
       0
       0
       0
       1
       0
       0
       0
       0
       0
       0
       1
       1
       0
       1
       2
       0
       1
       1
       0
       0
       1
       2
       0
       0
       0
       0
       0
       1
       0
       0
       0
       0
       0
       0
       0
       0
       0
       1
       0
       0
       1
       0
       0
       0
       0
       1
       1
       0
       0
       0
       1
       0
       1
       1
       0
       0
       1
       0
       0
       0
       0
       0
       0
       1
       0
       0
       1
       0
       0
       0
       0
       0
       0
       2
       1
       0
       0
       0
       1
       0
       0
       0
       0
       0
       0
       0
       0
       0
       0
       1
       0
       0
       2
       0
       0
       0
       0
       2
       1
       1
       1
       0
       0
       1
       2
       1
       0
       0
       0
       0
       0
       0
       0
       0
       1
       0
       0
       0
       1
       1
       0
       0
       0
       0
       2
       0
       1
       0
       1
       1
       0
       0
       1
       0
       1
       1
       0
       0
       0
       0
       1
       0
       0
       0
       1
       1
       0
       0
       0
       0
       0
       0
       0
       1
       0
       0
       1
       0
       0
       0
       0
       0
       0
       0
       0
       0
       1
       0
       0
       1
       0
       0
       0
       0
       0
       0
       0
       0
       0
       1
       0
       0
       0
       2
       0
       0
       0
       1
       0
       0
       0
       0
       2
       1
       0
       0
       0
       0
       0
       0
       0
       0
       1
       0
       0
       0
       1
       0
       0
       0
       1
       0
       0
       0
       0
       0
       0
       1
       0
       0
       0
       1
       0
       0
       0
       0
       0
       0
       0
       0
       0
       0
       0
       0
       0
       1
       1
       0
       0
       0
       0
       0
       0
       1
       1
       0
       1
       0
       1
       0
       1
       1
       1
       0
       0
       0
       1
       1
       0
       0
       0
       0
       0
       0
       0
       0
       0
       0
       0
       0
       0
       0
       0
       0
       0
       0
       0
       0
       0
       0
       0
       0
       0
       0
       0
       1
       0
       0
       0
       0
       0
       0
       0
       0
       0
       0
       0
       0
       0
       0
       0
       0
       0
       1
       3
       0
       1
       1
       0
       1
       0
       0
       1
       0
       1
       0
       0
       0
       0
       0
       0
       0
       1
       0
       0
       0
       0
       0
       0
       0
       1
       1
       0
       0
       0
       0
       0
       1
       1
       1
       0
       0
       0
       0
       0
       0
       0
       2
       0
       0
       0
       1
       0
       0
       0
       1
       0
       0
       0
       0
       0
       0
       0
       0
       0
       0
       0
       0
       0
       0
       0
       0
       0
       0
       1
       0
       1
       0
       0
       0
       0
       0
       1
       0
       0
       0
       1
       2
       2
       1
       1
       3
       1
       3
       2
       3
       3
       2
       1
       0
       0
       0
       1
       0
       0
       0
       0
       0
       0
       0
       0
       0
       0
       0
       0
       0
       0
       0
       0
       0
       0
       0
       1
       0
       1
       0
       0
       0
       0
       0
       0
       0
       0
       0
       0
       0
       0
       0
       1
       0
       0
       0
       0
       0
       0
       0
       0
       0
       0
       1
       0
       0
       0
       0
       1
       0
       0
       0
       0
       0
       0
       0
       1
       0
       3
       1
       0
       0
       0
       0
       0
       0
       0
       0
       1
       0
       0
       0
       0
       1
       0
       0
       1
       0
       0
       0
       0
       0
       0
       0
       0
       0
       0
       0
       1
       1
       0
       0
       0
       0
       1
       0
       0
       0
       0
       0
       0
       0
       0
       1
       0
       0
       0
       0
       0
       0
       0
       0
       0
       0
       0
       0
       1
       1
       0
       0
       0
       0
       0
       0
       0
       0
       2
       1
       0
       0
       0
       1
       0
       0
       0
       2
       0
       1
       0
       0
       0
       1
       0
       0
       0
       1
       0
       0
       0
       0
       0
       0
       0
       0
       1
       0
       0
       0
       0
       0
       1
       0
       1
       1
       0
       2
       0
       0
       0
       0
       0
       0
       0
       0
       0
       0
       1
       1
       0
       0
       0
       0
       1
       0
       0
       1
       1
       0
       1
       1
       3
       1
       1
       1
       0
       1
       0
       1
       0
       1
       0
       0
       0
       0
       0
       1
       2
       0
       0
       0
       1
       0
       0
       0
       0
       0
       0
       0
       0
       2
       0
       0
       0
       0
       1
       0
       0
       1
       0
       0
       0
       0
       0
       0
       0
       0
       0
       0
       0
       0
       0
       0
       0
       0
       0
       0
       0
       0
       0
       0
       0
       0
       0
       0
       0
       0
       0
       0
       0
       0
       0
       0
       1
       0
       0
       0
       1
       1
       1
       0
       0
       0
       0
       1
       0
       0
       0
       0
       0
       0
       0
       0
       0
       0
       0
       0
       1
       0
       0
       0
       0
       1
       0
       0
       0
       0
       0
       1
       1
       0
       0
       1
       0
       0
       0
       0
       1
       0
       0
       0
       1
       0
       1
       1
       0
       0
       0
       0
       0
       0
       1
       0
       0
       0
       0
       0
       0
       0
       0
       1
       0
       0
       1
       0
       0
       0
       0
       0
       1
       0
       0
       0
       1
       0
       0
       0
       1
       0
       0
       0
       0
       1
       0
       0
       0
       1
       0
       0
       0
       0
       0
       1
       0
       0
       0
       0
       0
       0
       1
       0
       0
       0
       0
       0
       1
       0
       0
       0
       0
       0
       0
       0
       0
       0
       0
       0
       0
       0
       0
       1
       0
       0
       2
       0
       0
       0
       0
       0
       0
       0
       0
       0
       0
       0
       1
       0
       0
       0
       1
       0
       0
       0
       0
       0
       0
       1
       0
       0
       0
       0
       0
       0
       0
       0
       0
       0
       0
       0
       0
       0
       1
       0
       0
       0
       1
       0
       0
       0
       0
       0
       1
       0
       0
       1
       0
       0
       0
       0
       0
       0
       1
       0
       0
       0
       0
       0
       0
       1
       0
       0
       2
       0
       0
       0
       0
       0
       0
       1
       0
       0
       0
       0
       0
       0
       0
       0
       1
       0
       0
       0
       0
       0
       1
       1
       0
       0
       0
       1
       1
       0
       0
       0
       1
       0
       0
       0
       0
       0
       0
       1
       0
       0
       1
       0
       0
       2
       0
       0
       0
       0
       0
       0
       0
       0
       0
       0
       0
       1
       1
       0
       0
       0
       0
       0
       0
       0
       0
       0
       0
       0
       0
       0
       0
       0
       1
       0
       0
       0
       0
       1
       0
       0
       0
       0
       0
       0
       0
       0
       0
       0
       0
       0
       1
       0
       0
       0
       0
       0
       0
       0
       0
       0
       0
       0
       0
       0
       0
       0
       0
       0
       0
       0
       0
       0
       0
       1
       0
       1
       0
       0
       0
       1
       0
       0
       0
       0
       0
       0
       2
       1
       0
       0
       0
       0
       0
       0
       0
       0
       0
       0
       0
       0
       0
       0
       0
       0
       0
       0
       0
       0
       0
       0
       0
       0
       0
       0
       0
       0
       0
       0
       0
       0
       0
       0
       0
       0
       0
       0
       0
       0
       0
       0
       0
       0
       0
       0
       0
       0
       1
       0
       1
       0
       1
       0
       0
       1
       0
       0
       0
       0
       0
       0
       0
       0
       0
       0
       0
       0
       0
       0
       0
       0
       0
       0
       0
       0
       0
       0
       0
       0
       0
       0
       0
       0
       0
       0
       0
       0
       0
       2
       0
       0
       1
       0
       0
       0
       1
       0
       0
       0
       0
       0
       0
       0
       0
       0
       0
       0
       0
       0
       1
       0
       0
       0
       0
       1
       0
       0
       0
       0
       0
       0
       0
       1
       0
       0
       0
       0
       0
       0
       0
       0
       0
       0
       0
       0
       0
       0
       0
       0
       0
       0
       0
       0
       0
       0
       0
       0
       0
       0
       0
       0
       0
       0
       0
       2
       0
       1
       0
       0
       1
       0
       0
       1
       0
       0
       1
       0
       0
       0
       0
       0
       0
       0
       0
       0
       0
       0
       1
       0
       0
       0
       0
       2
       0
       0
       0
       0
       0
       0
       0
       0
       0
       0
       0
       0
       0
       0
       0
       0
       0
       0
       1
       0
       0
       0
       0
       1
       0
       0
       0
       0
       1
       1
       0
       0
       0
       0
       0
       0
       0
       0
       0
       1
       0
       1
       0
       0
       0
       0
       0
       0
       0
       1
       2
       0
       0
       0
       0
       0
       0
       0
       1
       0
       1
       0
       0
       0
       0
       0
       1
       0
       0
       0
       0
       0
       0
       0
       0
       0
       0
       0
       0
       1
       0
       0
       1
       0
       1
       0
       0
       0
       1
       0
       1
       0
       0
       0
       0
       0
       0
       0
       0
       0
       0
       0
       0
       0
       0
       0
       0
       1
       0
       0
       0
       1
       0
       0
       0
       0
       0
       0
       2
       0
       0
       0
       0
       1
       0
       0
       0
       0
       0
       0
       0
       0
       0
       0
       0
       0
       0
       0
       0
       0
       0
       1
       0
       0
       0
       1
       0
       0
       0
       0
       0
       0
       0
       1
       1
       1
       1
       0
       0
       0
       0
       0
       0
       0
       0
       0
       0
       0
       0
       0
       1
       1
       1
       0
       1
       0
       0
       0
       0
       0
       0
       0
       0
       0
       0
       0
       0
       0
       0
       0
       0
       0
       0
       0
       0
       0
       0
       0
       0
       0
       0
       0
       0
       0
       0
       0
       0
       0
       0
       0
       0
       0
       0
       0
       0
       0
       0
       0
       0
       0
       0
       0
       0
       1
       0
       1
       0
       0
       0
       0
       0
       0
       0
       0
       0
       0
       1
       0
       0
       0
       0
       0
       1
       0
       0
       0
       0
       0
       0
       0
       0
       0
       0
       1
       0
       0
       0
       0
       0
       0
       0
       1
       0
       0
       0
       0
       0
       0
       0
       0
       1
       0
       0
       0
       1
       0
       0
       0
       0
       0
       0
       0
       0
       0
       0
       1
       0
       0
       0
       0
       0
       0
       0
       1
       0
       0
       0
       0
       0
       0
       0
       1
       0
       1
       0
       4
       1
       2
       0
       0
       0
       0
       0
       0
       0
       0
       1
       0
       0
       0
       0
       1
       0
       0
       0
       0
       1
       0
       0
       0
       0
       0
       0
       0
       0
       2
       0
       0
       0
       0
       0
       0
       0
       0
       1
       0
       1
       0
       0
       0
       1
       0
       0
       0
       0
       0
       0
       0
       0
       0
       0
       0
       0
       0
       0
       0
       0
       0
       0
       0
       0
       0
       1
       0
       0
       0
       0
       0
       1
       1
       2
       0
       0
       0
       0
       0
       1
       0
       0
       1
       0
       0
       0
       0
       0
       1
       0
       0
       1
       0
       0
       0
       0
       1
       2
       0
       0
       1
       1
       0
       0
       0
       1
       0
       0
       0
       1
       0
       0
       0
       0
       1
       0
       0
       1
       0
       0
       0
       0
       0
       0
       0
       0
       0
       0
       0
       0
       0
       0
       0
       1
       0
       0
       0
       0
       0
       0
       0
       0
       0
       0
       0
       0
       0
       0
       0
       0
       1
       0
       0
       0
       0
       1
       0
       1
       0
       0
       0
       0
       1
       0
       0
       0
       0
       0
       0
       0
       1
       0
       0
       0
       0
       0
       0
       0
       0
       0
       0
       0
       0
       0
       0
       0
       1
       0
       0
       0
       0
       0
       0
       0
       0
       0
       0
       0
       0
       0
       0
       0
       0
       0
       0
       0
       2
       0
       0
       0
       1
       0
       0
       0
       0
       1
       0
       0
       0
       1
       0
       0
       0
       0
       0
       0
       0
       0
       0
       0
       0
       0
       0
       0
       0
       0
       0
       0
       0
       0
       0
       0
       0
       1
       0
       0
       0
       0
       0
       0
       0
       0
       1
       0
       0
       0
       0
       0
       0
       1
       0
       0
       0
       1
       1
       1
       0
       0
       1
       0
       1
       0
       0
       0
       0
       1
       0
       0
       0
       0
       0
       0
       0
       0
       0
       1
       0
       0
       1
       0
       0
       0
       0
       0
       0
       0
       0
       0
       0
       0
       0
       0
       0
       0
       0
       1
       0
       0
       0
       0
       1
       1
       0
       0
       0
       0
       0
       0
       0
       1
       0
       0
       0
       0
       0
       0
       0
       0
       0
       1
       0
       0
       0
       0
       0
       0
       0
       0
       0
       0
       0
       0
       0
       0
       1
       0
       1
       1
       0
       0
       0
       0
       1
       0
       0
       0
       0
       0
       0
       0
       0
       0
       0
       0
       1
       0
       0
       0
       0
       1
       0
       0
       1
       0
       0
       1
       0
       0
       1
       0
       1
       0
       0
       0
       0
       0
       0
       0
       0
       0
       0
       0
       0
       0
       0
       0
       0
       0
       0
       0
       0
       0
       0
       0
       1
       0
       0
       1
       0
       0
       0
       0
       1
       1
       0
       0
       0
       0
       0
       0
       0
       1
       0
       2
       2
       0
       1
       1
       0
       0
       0
       0
       0
       2
       1
       0
       0
       0
       0
       0
       0
       0
       0
       0
       0
       0
       0
       0
       0
       0
       0
       1
       0
       1
       0
       0
       0
       0
       0
       0
       0
       0
       0
       0
       1
       1
       1
       0
       0
       0
       0
       0
       1
       1
       0
       0
       0
       2
       0
       0
       0
       0
       0
       0
       0
       1
       0
       1
       0
       0
       0
       1
       0
       0
       0
       0
       0
       0
       0
       0
       0
       0
       0
       0
       0
       0
       0
       0
       0
       0
       0
       0
       0
       0
       0
       1
       0
       0
       0
       0
       0
       0
       0
       1
       0
       0
       0
       0
       0
       0
       0
       0
       0
       0
       0
       0
       0
       0
       0
       0
       0
       0
       0
       1
       0
       0
       0
       0
       0
       0
       1
       0
       0
       0
       1
       0
       0
       1
       0
       0
       0
       1
       0
       0
       0
       1
       0
       0
       0
       0
       1
       0
       0
       0
       0
       0
       0
       0
       0
       0
       0
       0
       0
       2
       1
       0
       0
       0
       0
       0
       1
       1
       0
       0
       1
       0
       0
       1
       0
       0
       0
       1
       0
       0
       0
       0
       1
       1
       1
       0
       0
       0
       0
       0
       0
       0
       0
       0
       0
       0
       1
       0
       0
       0
       0
       0
       0
       0
       0
       0
       1
       0
       0
       0
       0
       0
       0
       0
       0
       0
       0
       0
       0
       0
       0
       0
       1
       0
       0
       0
       0
       0
       0
       0
       0
       0
       1
       0
       0
       0
       0
       0
       0
       0
       0
       0
       0
       0
       0
       0
       0
       0
       0
       0
       0
       1
       0
       2
       0
       0
       0
       0
       0
       0
       0
       1
       0
       0
       0
       0
       0
       0
       0
       0
       0
       0
       0
       0
       0
       0
       0
       0
       0
       0
       0
       0
       0
       0
       1
       0
       0
       0
       0
       0
       0
       1
       0
       0
       0
       0
       0
       0
       0
       0
       0
       1
       1
       0
       0
       0
       0
       0
       0
       0
       0
       0
       1
       0
       0
       0
       0
       0
       0
       1
       0
       0
       1
       0
       0
       0
       0
       0
       0
       0
       0
       0
       0
       0
       0
       0
       0
       1
       0
       0
       0
       0
       0
       0
       0
       0
       0
       0
       0
       0
       0
       0
       0
       0
       0
       0
       0
       0
       0
       0
       0
       0
       0
       0
       0
       0
       1
       0
       0
       0
       0
       0
       0
       0
       0
       0
       0
       0
       0
       0
       0
       0
       0
       0
       0
       0
       0
       0
       0
       0
       0
       0
       0
       0
       0
       0
       0
       0
       0
       0
       0
       0
       1
       0
       0
       0
       0
       0
       0
       0
       0
       0
       0
       0
       1
       0
       0
       0
       0
       0
       0
       0
       0
       0
       0
       0
       0
       0
       0
       0
       0
       0
       0
       0
       0
       0
       0
       0
       0
       0
       0
       0
       0
       0
       0
       0
       0
       0
       0
       0
       0
       0
       0
       0
       0
       1
       0
       0
       0
       0
       0
       0
       0
       0
       0
       0
       0
       0
       0
       0
       0
       0
       0
       0
       0
       0
       0
       0
       0
       0
       0
       0
       0
       0
       0
       0
       0
       0
       0
       0
       0
       0
       1
       0
       0
       0
       0
       0
       0
       0
       0
       0
       0
       0
       0
       0
       0
       0
       1
       0
       0
       0
       0
       0
       0
       0
       0
       0
       1
       0
       0
       0
       0
       0
       0
       0
       0
       0
       0
       0
       0
       0
       0
       0
       0
       0
       0
       0
       0
       0
       0
       0
       0
       0
       0
       0
       0
       0
       0
       0
       0
       0
       0
       0
       0
       0
       0
       0
       0
       0
       1
       0
       0
       0
       0
       0
       0
       0
       0
       0
       0
       1
       0
       0
       0
       0
       0
       0
       0
       0
       0
       1
       0
       0
       1
       2
       0
       0
       0
       0
       0
       2
       1
       1
       1
       1
       2
       0
       6
       1
       0
       2
       1
       2
       0
       0
       0
       0
       1
       0
       1
       0
       0
       0
       0
       0
       0
       0
       0
       0
       0
       0
       0
       0
       0
       0
       0
       0
       0
       0
       0
       0
       0
       0
       0
       0
       0
       0
       0
       0
       0
       0
       0
       0
       0
       0
       0
       0
       0
       0
       0
       0
       0
       0
       0
       0
       0
       0
       0
       0
       0
       0
       0
       0
       0
       0
       0
       0
       0
       0
       0
       0
       0
       1
       0
       0
       0
       0
       0
       0
       0
       0
       0
       2
       0
       0
       0
       0
       0
       0
       0
       0
       0
       0
       0
       0
       0
       0
       0
       0
       0
       0
       0
       0
       0
       0
       0
       0
       0
       0
       0
       0
       0
       0
       0
       0
       0
       0
       0
       0
       0
       0
       0
       0
       0
       0
       0
       0
       0
       0
       0
       0
       0
       0
       0
       0
       0
       0
       0
       0
       0
       0
       0
       0
       0
       0
       0
       0
       0
       0
       0
       0
       0
       0
       0
       0
       1
       0
       0
       0
       0
       0
       0
       0
       0
       0
       0
       0
       0
       0
       0
       0
       0
       0
       0
       0
       0
       0
       0
       0
       0
       0
       0
       0
       0
       0
       0
       0
       0
       0
       0
       0
       0
       0
       0
       0
       0
       0
       0
       0
       0
       0
       0
       0
       0
       0
       0
       0
       1
       0
       0
       0
       0
       0
       0
       0
       0
       0
       0
       0
       0
       0
       0
       0
       0
       0
       0
       0
       0
       0
       0
       0
       0
       0
       0
       0
       0
       0
       0
       0
       0
       1
       0
       0
       0
       0
       0
       0
       0
       0
       0
       0
       0
       0
       0
       0
       0
       0
       0
       0
       0
       0
       0
       0
       0
       1
       0
       0
       0
       0
       0
       0
       0
       0
       0
       0
       1
       0
       0
       0
       0
       0
       0
       0
       0
       0
       0
       0
       0
       0
       0
       0
       0
       0
       0
       0
       0
       0
       0
       0
       0
       0
       0
       0
       0
       0
       0
       0
       0
       0
       0
       0
       0
       0
       0
       0
       0
       0
       0
       0
       0
       0
       0
       0
       0
       0
       0
       0
       0
       0
       0
       0
       0
       0
       0
       0
       0
       0
       0
       0
       0
       0
       0
       0
       0
       1
       0
       0
       0
       0
       0
       0
       0
       0
       0
       0
       0
       0
       0
       0
       0
       0
       0
       0
       0
       0
       0
       0
       0
       0
       0
       0
       0
       0
       0
       0
       0
       0
       0
       0
       0
       0
       0
       0
       0
       0
       0
       0
       0
       0
       0
       0
       0
       0
       0
       0
       0
       0
       0
       0
       0
       1
       0
       0
       0
       0
       0
       0
       0
       0
       0
       0
       0
       0
       0
       0
       0
       0
       0
       0
       0
       0
       0
       0
       0
       0
       0
       0
       0
       0
       0
       0
       0
       0
       0
       1
       0
       0
       0
       0
       0
       0
       0
       0
       0
       0
       0
       0
       0
       0
       0
       0
       0
       0
       0
       0
       0
       0
       0
       0
       0
       0
       0
       0
       0
       0
       0
       0
       0
       0
       1
       0
       0
       0
       0
       1
       0
       0
       0
       0
       0
       0
       0
       0
       0
       0
       0
       0
       0
       0
       1
       0
       0
       0
       0
       0
       0
       0
       0
       0
       0
       0
       0
       0
       0
       0
       0
       0
       0
       0
       0
       0
       0
       0
       0
       0
       0
       0
       0
       0
       0
       0
       0
       0
       0
       0
       0
       0
       0
       0
       0
       0
       0
       1
       0
       0
       0
       0
       0
       0
       0
       0
       0
       0
       0
       1
       0
       0
       1
       0
       0
       0
       0
       0
       0
       0
       0
       1
       0
       0
       0
       0
       0
       0
       0
       0
       0
       0
       1
       0
       0
       0
       0
       0
       0
       0
       0
       0
       0
       0
       1
       0
       0
       0
       0
       0
       0
       0
       0
       0
       0
       0
       0
       0
       0
       0
       1
       1
       0
       0
       0
       0
       0
       0
       0
       0
       0
       0
       0
       0
       0
       0
       0
       0
       0
       0
       0
       0
       0
       0
       0
       0
       0
       0
       0
       1
       0
       0
       0
       0
       0
       0
       0
       0
       0
       0
       0
       0
       0
       0
       0
       0
       0
       0
       0
       0
       0
       0
       0
       0
       0
       0
       0
       0
       0
       0
       0
       0
       1
       0
       0
       0
       0
       0
       0
       0
       0
       0
       0
       0
       0
       0
       0
       0
       0
       0
       0
       0
       0
       0
       0
       0
       0
       0
       0
       0
       0
       0
       0
       0
       0
       0
       0
       0
       0
       0
       0
       0
       0
       0
       0
       1
       0
       0
       0
       0
       0
       0
       0
       0
       0
       0
       0
       0
       0
       0
       0
       0
       0
       0
       0
       0
       0
       0
       0
       0
       0
       0
       0
       0
       0
       0
       0
       0
       0
       0
       0
       0
       0
       0
       0
       0
       0
       0
       0
       0
       0
       0
       0
       0
       0
       0
       0
       0
       0
       0
       0
       0
       0
       0
       0
       0
       0
       0
       0
       0
       0
       0
       0
       0
       0
       0
       0
       0
       0
       0
       0
       0
       0
       0
       0
       0
       0
       0
       0
       0
       0
       0
       0
       0
       0
       0
       0
       0
       0
       0
       0
       0
       0
       0
       0
       0
       0
       0
       0
       0
       0
       0
       0
       0
       0
       0
       0
       0
       0
       0
       0
       0
       0
       0
       0
       0
       0
       0
       0
       0
       0
       0
       1
       1
       0
       0
       0
       0
       0
       0
       0
       0
       0
       0
       0
       0
       0
       0
       0
       0
       0
       0
       0
       0
       0
       0
       0
       0
       0
       0
       0
       0
       0
       0
       0
       0
       0
       0
       0
       0
       0
       1
       0
       0
       0
       0
       0
       0
       0
       0
       0
       0
       0
       1
       0
       0
       0
       0
       0
       0
       0
       0
       0
       0
       0
       0
       0
       0
       0
       0
       0
       0
       0
       0
       0
       0
       0
       0
       0
       0
       0
       0
       0
       0
       0
       0
       0
       0
       0
       0
       0
       0
       0
       0
       0
       0
       0
       0
       0
       0
       1
       0
       0
       0
       0
       0
       0
       0
       0
       0
       0
       0
       0
       0
       0
       0
       0
       0
       1
       0
       0
       0
       0
       0
       0
       0
       0
       0
       0
       0
       0
       0
       0
       0
       0
       0
       0
       0
       0
       0
       0
       0
       0
       0
       0
       0
       0
       0
       0
       0
       1
       0
       0
       0
       0
       0
       0
       0
       0
       0
       0
       0
       0
       0
       0
       0
       0
       1
       0
       0
       0
       0
       0
       0
       0
       0
       0
       0
       0
       0
       0
       0
       0
       0
       0
       0
       0
       0
       0
       0
       0
       0
       0
       0
       0
       0
       0
       0
       0
       0
       0
       0
       0
       0
       0
       0
       0
       0
       0
       0
       0
       0
       1
       0
       0
       0
       0
       0
       0
       0
       0
       1
       0
       0
       0
       0
       0
       0
       0
       0
       0
       0
       0
       0
       0
       0
       0
       0
       0
       0
       0
       0
       0
       0
       1
       0
       0
       0
       0
       0
       0
       0
       0
       0
       0
       0
       0
       0
       0
       0
       1
       0
       0
       0
       0
       0
       0
       0
       1
       0
       0
       0
       0
       0
       0
       0
       1
       0
       0
       0
       0
       0
       0
       0
       0
       0
       0
       0
       0
       0
       0
       0
       0
       0
       0
       0
       0
       0
       0
       0
       0
       0
       0
       0
       0
       0
       0
       0
       0
       0
       1
       0
       0
       0
       0
       0
       0
       0
       0
       0
       0
       0
       0
       0
       0
       0
       0
       1
       0
       0
       0
       0
       0
       0
       0
       0
       0
       0
       0
       0
       0
       0
       0
       0
       0
       0
       0
       0
       0
       0
       0
       0
       0
       0
       0
       0
       0
       0
       0
       0
       1
       1
       0
       0
       0
       0
       0
       0
       0
       0
       0
       0
       0
       0
       0
       0
       0
       0
       0
       0
       0
       0
       0
       0
       0
       0
       0
       0
       0
       0
       0
       0
       0
       0
       0
       0
       0
       0
       0
       0
       0
       0
       0
       0
       0
       0
       0
       0
       0
       0
       0
       0
       0
       0
       0
       0
       0
       0
       0
       0
       0
       0
       0
       0
       0
       0
       0
       0
       0
       0
       0
       0
       0
       0
       0
       0
       0
       0
       0
       0
       0
       0
       0
       0
       0
       0
       0
       0
       1
       0
       1
       0
       0
       0
       0
       0
       0
       0
       0
       0
       0
       0
       0
       0
       0
       0
       0
       0
       0
       0
       0
       0
       0
       0
       0
       0
       0
       0
       0
       0
       0
       0
       0
       0
       0
       0
       0
       0
       0
       0
       0
       0
       0
       0
       0
       0
       0
       0
       0
       0
       0
       0
       0
       0
       0
       0
       0
       0
       0
       0
       0
       0
       0
       0
       0
       0
       0
       0
       0
       0
       0
       0
       0
       0
       0
       0
       0
       0
       0
       0
       0
       0
       0
       0
       0
       0
       0
       0
       0
       0
       0
       0
       0
       0
       0
       0
       1
       0
       0
       0
       0
       0
       0
       0
       0
       0
       0
       0
       0
       0
       0
       0
       0
       0
       0
       0
       0
       0
       0
       0
       0
       0
       0
       0
       0
       0
       0
       0
       0
       0
       0
       0
       0
       0
       0
       0
       0
       0
       0
       0
       0
       0
       0
       0
       0
       1
       0
       0
       0
       0
       0
       0
       0
       0
       0
       0
       0
       0
       0
       0
       0
       0
       0
       0
       0
       0
       0
       0
       0
       0
       0
       0
       1
       0
       0
       0
       0
       0
       0
       0
       0
       0
       0
       0
       0
       0
       0
       0
       0
       0
       0
       0
       0
       0
       0
       0
       0
       0
       0
       0
       0
       0
       0
       0
       0
       0
       0
       0
       0
       0
       0
       0
       0
       0
       0
       0
       0
       0
       0
       0
       0
       0
       0
       0
       0
       0
       0
       0
       0
       0
       0
       1
       0
       1
       0
       0
       1
       1
       0
       2
       0
       1
       0
       1
       1
       1
       0
       2
       1
       0
       1
       2
       1
       2
       0
       1
       0
       0
       0
       2
       3
       2
       1
       0
       0
       1
       0
       2
       1
       0
       1
       0
       0
       1
       1
       1
       1
       1
       1
       0
       0
       1
       1
       1
       0
       1
       0
       3
       1
       1
       1
       0
       2
       0
       0
       3
       0
       1
       0
       1
       0
       2
       2
       1
       0
       0
       0
       0
       0
       2
       2
       0
       0
       1
       2
       0
       1
       1
       0
       2
       0
       1
       0
       0
       2
       0
       0
       0
       0
       1
       1
       0
       0
       2
       1
       0
       1
       0
       1
       0
       2
       0
       1
       1
       0
       1
       1
       1
       0
       1
       1
       1
       4
       0
       1
       1
       0
       1
       0
       1
       1
       1
       1
       1
       1
       1
       0
       1
       0
       0
       0
       3
       0
       1
       1
       2
       1
       0
       1
       0
       0
       0
       0
       0
       1
       0
       0
       1
       0
       0
       0
       2
       1
       0
       0
       1
       2
       3
       0
       1
       0
       1
       2
       0
       0
       0
       2
       2
       0
       2
       2
       0
       0
$ROI:
0
$PRESETS:
None
0
0
$ENER_FIT:
0.000000 0.394110
$MCA_CAL:
3
0.000000E+000 3.941100E-001 0.000000E+000 keV
$SHAPE_CAL:
3
0.000000E+000 0.000000E+000 0.000000E+000
