# y
       0
       0
       0
       0
       0
       0
       0
       0
       0
       0
       0
       0
       0
       0
       0
       0
       0
       0
       0
       0
       0
       0
       0
       0
       0
       0
       0
       0
       0
       0
       0
       0
       0
       0
       0
       0
       0
       0
       0
       0
       0
       0
       0
       0
       0
       0
       0
       0
       0
       0
       0
       5
      20
      82
     258
     382
     524
     601
     673
     596
     607
     612
     605
     619
     609
     585
     593
     613
     563
     600
     563
     577
     551
     538
     538
     579
     600
     561
     537
     531
     555
     527
     565
     529
     559
     483
     497
     514
     516
     519
     470
     507
     503
     512
     494
     455
     494
     460
     499
     503
     480
     496
     455
     455
     439
     480
     471
     457
     463
     477
     500
     465
     458
     458
     447
     446
     454
     430
     448
     449
     431
     503
     487
     486
     436
     410
     408
     430
     432
     463
     393
     415
     455
     445
     438
     435
     408
     420
     458
     416
     452
     449
     448
     441
     448
     435
     441
     443
     462
     471
     434
     474
     444
     433
     435
     442
     450
     460
     486
     473
     481
     503
     523
     617
     671
     563
     504
     523
     554
     510
     485
     504
     505
     564
     543
     572
     579
     551
     541
     582
     543
     534
     547
     551
     599
     602
     652
     639
     656
     678
     771
    1039
    1321
    1195
     894
     788
    1056
    1524
    1941
    1441
     889
     633
     626
     648
     669
     623
     592
     609
     718
     606
     583
     583
     597
     682
     833
     832
     796
     626
     652
     623
     664
     743
     995
    1009
     963
     759
     624
     659
     636
     831
     810
     769
     602
     589
     736
    1056
    1386
    1402
     946
     763
     669
     671
     710
     612
     546
     533
     513
     522
     535
     621
     654
     729
     645
     587
     522
     541
     512
     521
     540
     505
     567
     510
     520
     510
     499
     539
     531
     523
     539
     588
     531
     505
     529
     513
     533
     528
     567
     561
     598
     556
     568
     643
     609
     573
     566
     526
     619
     638
     560
     500
     566
     541
     524
     561
     560
     526
     544
     512
     533
     522
     516
     544
     551
     506
     470
     532
     545
     568
     505
     541
     560
     532
     512
     539
     537
     504
     524
     519
     552
     546
     535
     497
     547
     543
     517
     532
     511
     519
     522
     536
     501
     522
     511
     576
     558
     534
     492
     556
     529
     540
     548
     548
     524
     534
     549
     534
     553
     594
     534
     504
     572
     547
     551
     543
     528
     568
     526
     549
     562
     547
     559
     529
     608
     718
     704
     647
     551
     499
     526
     523
     514
     543
     522
     552
     591
     555
     547
     543
     564
     564
     525
     527
     502
     486
     537
     559
     509
     558
     606
     657
     583
     591
     570
     496
     551
     551
     494
     536
     503
     517
     520
     517
     540
     530
     521
     540
     480
     530
     474
     487
     532
     570
     563
     533
     516
     457
     479
     471
     454
     543
     451
     490
     497
     476
     481
     478
     481
     486
     464
     475
     478
     499
     503
     421
     461
     471
     491
     469
     469
     466
     487
     455
     460
     470
     484
     448
     450
     457
     487
     478
     474
     496
     479
     459
     433
     431
     467
     481
     471
     482
     451
     470
     540
     529
     491
     584
     882
    1455
    1892
    1649
    1079
     651
     491
     421
     436
     427
     443
     430
     431
     435
     429
     434
     434
     430
     414
     392
     394
     449
     393
     397
     425
     446
     414
     436
     445
     436
     427
     377
     393
     395
     422
     392
     397
     405
     390
     411
     440
     422
     424
     397
     382
     406
     378
     375
     402
     440
     419
     397
     390
     373
     381
     396
     355
     334
     346
     353
     358
     367
     384
     357
     341
     367
     350
     368
     351
     360
     362
     352
     369
     330
     378
     352
     342
     339
     354
     368
     305
     329
     326
     324
     334
     333
     337
     346
     347
     345
     319
     311
     339
     322
     344
     304
     332
     322
     326
     341
     371
     306
     313
     316
     328
     323
     314
     324
     324
     354
     312
     309
     332
     286
     332
     300
     346
     285
     277
     307
     317
     331
     270
     348
     338
     404
     391
     433
     381
     323
     322
     350
     348
     332
     316
     331
     307
     291
     401
     746
    1319
    1663
    1491
     870
     478
     301
     268
     280
     265
     270
     271
     286
     244
     249
     291
     247
     251
     265
     287
     292
     239
     275
     259
     251
     266
     279
     259
     247
     258
     265
     226
     246
     254
     261
     254
     264
     312
     289
     283
     282
     297
     333
     363
     342
     330
     259
     284
     257
     247
     274
     265
     229
     254
     253
     270
     230
     247
     247
     251
     255
     256
     251
     264
     254
     237
     244
     248
     311
     273
     352
     347
     292
     326
     301
     317
     310
     240
     265
     216
     249
     277
     266
     308
     257
     276
     285
     248
     240
     230
     222
     225
     242
     223
     216
     227
     230
     216
     228
     267
     233
     259
     239
     235
     227
     232
     244
     226
     194
     248
     256
     219
     218
     210
     205
     199
     239
     195
     224
     223
     223
     221
     222
     240
     215
     255
     258
     258
     253
     244
     293
     571
    1291
    2437
    3195
    2545
    1458
     627
     288
     203
     183
     218
     179
     200
     198
     237
     204
     202
     179
     207
     174
     215
     207
     191
     208
     186
     195
     206
     168
     191
     180
     192
     189
     190
     194
     174
     189
     177
     208
     193
     191
     206
     201
     190
     157
     164
     193
     187
     180
     193
     202
     207
     158
     186
     190
     174
     166
     182
     193
     151
     190
     192
     164
     157
     191
     155
     184
     177
     183
     165
     180
     163
     152
     184
     208
     192
     211
     198
     183
     202
     196
     170
     168
     159
     194
     187
     171
     181
     203
     189
     170
     215
     180
     167
     205
     147
     188
     178
     185
     198
     198
     177
     176
     178
     165
     172
     174
     156
     169
     164
     171
     198
     171
     173
     178
     177
     179
     140
     180
     166
     163
     168
     181
     159
     161
     167
     170
     195
     160
     171
     171
     168
     165
     189
     164
     182
     188
     206
     198
     197
     252
     542
    1255
    2592
    4118
    4490
    3463
    1744
     669
     276
     171
     139
     135
     136
     156
     141
     137
     145
     159
     138
     110
     119
     131
     114
     123
     149
     125
     138
     151
     143
     100
     110
     126
     141
     144
     151
     114
     132
     133
     113
     125
     145
     118
     127
     129
     109
     138
     120
     136
     126
     143
     105
     123
     158
     129
     138
     140
     123
     115
     127
     126
     140
     122
     133
     120
     119
     135
     142
     120
     128
     140
     130
     126
     122
     129
     139
     125
     122
     130
     149
     137
     119
     118
     135
     120
     130
     125
     134
     144
     136
     147
     168
     174
     157
     142
     149
     160
     188
     147
     124
     148
     146
     127
     138
     120
     122
     127
     148
     123
     141
     117
     127
     125
     128
     142
     127
     130
     126
     118
     110
     112
     141
     148
     123
     119
     171
     126
     124
     139
     165
     159
     126
     132
     145
     116
     142
     174
     164
     151
     164
     124
     155
     123
     108
     148
     124
     127
     130
     104
     130
     140
     138
     136
     119
     148
     160
     137
     167
     131
     109
     144
     129
     139
     127
     137
     136
     150
     154
     120
     146
     128
     127
     119
     143
     118
     142
     133
     144
     130
     135
     130
     123
     141
     145
     115
     124
     114
     120
     116
     116
     148
     142
     122
     131
     123
     107
     123
     124
     119
     126
      90
     112
     111
      95
      98
     101
     125
     101
     102
     103
      89
     112
     105
     102
      89
     112
     120
     105
     100
      97
     109
      76
     105
     118
      88
     106
      69
      97
      92
     100
      94
     103
      93
      97
      98
     116
      95
     101
      98
      92
      94
      91
      91
      91
      88
     101
     104
      88
      87
      88
      97
      89
      83
      81
      73
     106
      84
     102
     105
      90
     117
     115
     109
      91
      93
      80
      97
      78
      80
     103
      85
      72
      76
      76
      99
      90
      96
      84
     109
      99
      97
      87
      83
      84
      80
      82
      80
      73
      94
      75
      80
      72
      82
      72
      90
      97
      93
      90
      85
      88
      83
      93
      76
      83
      70
      68
      82
      86
      87
      89
      91
      68
     103
      65
      62
      99
      88
      69
      71
      65
      85
     100
     113
     114
     109
      86
      93
      87
      83
      84
      78
      65
      63
      71
      63
      86
      86
      73
     100
      99
     103
     111
      89
      66
      83
      86
      69
      81
      64
      75
      73
      62
      50
      72
      78
      87
      60
      83
      70
      59
      79
      54
      55
      65
      69
      70
      64
      70
      59
      54
      62
      64
      64
      62
      66
      57
      61
      71
      60
      50
      72
      80
      76
      85
      65
      77
      63
      62
      74
      54
      56
      72
      64
      72
      86
      92
      92
     101
     104
      88
      87
      92
      71
      75
      74
      82
      75
      55
      79
      69
      73
      80
      67
      59
      63
      69
      64
      72
      71
      67
      67
      65
      75
      68
      61
      71
      60
      91
      57
      68
      70
      66
      68
      61
      73
      65
      75
      71
      73
      64
      65
      60
      73
      72
      77
      63
      51
      58
      78
      74
      71
      76
      75
      74
      76
      85
      79
      85
      81
      80
      58
      60
      72
      58
      66
      73
      69
      59
      71
      71
      68
      62
      72
      76
      66
      78
      75
      83
      74
      82
      73
      83
      68
      56
      73
      67
      79
      56
      61
      62
      51
      67
      62
      62
      54
      63
      72
      64
      68
      55
      74
      61
      71
      66
      69
      69
      49
      70
      64
      57
      63
      63
      71
      66
      44
      57
      66
      61
      65
      67
      58
      69
      70
      59
      62
      51
      69
      64
      52
      52
      62
      52
      76
      55
      52
      54
      49
      61
      58
      44
      70
      60
      64
      61
      71
      64
      69
      51
      61
      57
      61
      60
      60
      56
      68
      78
      62
      70
      60
      59
      56
      68
      51
      57
      64
      66
      64
      68
      64
      73
      85
      80
      87
      63
      73
      52
      74
      67
      69
      61
      69
      60
      54
      63
      41
      62
      51
      57
      52
      58
      69
      49
      70
      46
      50
      53
      68
      50
      68
      69
      60
      43
      58
      64
      59
      55
      59
      57
      48
      63
      59
      53
      45
      50
      57
      53
      61
      63
      66
      47
      64
      59
      49
      68
      50
      56
      58
      54
      57
      58
      57
      64
      72
      59
      77
      96
     116
     176
     299
     493
    1013
    1647
    2282
    2462
    2271
    1656
     932
     424
     166
      77
      49
      41
      38
      50
      37
      42
      53
      57
      50
      49
      57
      54
      45
      47
      48
      52
      48
      41
      52
      47
      55
      62
      32
      41
      39
      33
      39
      47
      35
      44
      49
      51
      37
      51
      37
      40
      46
      33
      37
      42
      52
      39
      37
      34
      39
      35
      36
      50
      46
      45
      47
      49
      41
      41
      42
      51
      40
      40
      37
      44
      43
      36
      51
      42
      40
      42
      43
      51
      57
      52
      43
      35
      36
      30
      45
      44
      40
      47
      39
      39
      23
      49
      38
      31
      42
      37
      52
      33
      39
      47
      40
      47
      38
      49
      31
      50
      42
      38
      50
      40
      40
      41
      34
      40
      42
      39
      37
      39
      50
      41
      38
      42
      31
      42
      40
      50
      45
      42
      42
      49
      40
      61
      46
      46
      35
      48
      42
      59
      52
      61
     104
      97
      92
     101
      79
      68
      62
      46
      51
      38
      41
      31
      48
      39
      37
      46
      36
      34
      43
      25
      38
      34
      35
      27
      47
      39
      38
      35
      35
      31
      39
      37
      34
      51
      34
      29
      26
      31
      35
      34
      42
      42
      42
      39
      32
      39
      41
      46
      43
      46
      44
      28
      41
      41
      36
      39
      41
      47
      32
      38
      48
      41
      34
      43
      23
      29
      38
      31
      43
      40
      40
      47
      40
      40
      35
      37
      38
      40
      56
      46
      40
      53
      47
      35
      44
      32
      39
      42
      42
      52
      48
      43
      46
      51
      65
      68
      65
      62
      47
      43
      42
      38
      48
      35
      39
      49
      43
      36
      37
      44
      40
      27
      41
      38
      49
      32
      41
      44
      38
      40
      42
      45
      37
      40
      40
      40
      34
      42
      45
      36
      38
      31
      41
      37
      59
      41
      54
      52
      37
      55
      50
      44
      39
      39
      48
      45
      44
      42
      48
      41
      50
      42
      44
      42
      41
      37
      31
      37
      47
      42
      30
      33
      35
      24
      32
      34
      39
      29
      41
      35
      44
      41
      32
      45
      35
      42
      22
      35
      24
      25
      41
      42
      35
      43
      35
      34
      41
      37
      44
      40
      48
      64
      47
      44
      60
      50
      45
      44
      39
      41
      35
      39
      44
      31
      39
      33
      41
      43
      40
      34
      30
      35
      41
      39
      38
      33
      47
      38
      32
      46
      35
      44
      41
      40
      36
      38
      34
      30
      44
      36
      37
      49
      42
      39
      44
      41
      32
      46
      51
      32
      38
      45
      41
      37
      34
      40
      42
      43
      41
      49
      61
      65
      62
      88
     110
     161
     190
     221
     211
     194
     176
     100
      79
      52
      37
      44
      38
      25
      41
      33
      35
      34
      37
      32
      49
      40
      32
      33
      38
      30
      43
      28
      37
      36
      39
      42
      43
      36
      41
      29
      39
      58
      41
      38
      41
      49
      42
      42
      68
      65
      70
      71
      75
      56
      50
      51
      51
      39
      47
      39
      37
      20
      31
      37
      36
      37
      33
      28
      21
      34
      33
      42
      36
      44
      34
      29
      38
      42
      38
      45
      41
      36
      38
      39
      45
      39
      38
      44
      36
      36
      42
      35
      35
      22
      43
      40
      48
      36
      60
      56
      84
      74
      77
      65
      51
      54
      47
      27
      31
      33
      35
      43
      33
      31
      31
      36
      47
      34
      34
      24
      37
      38
      27
      26
      35
      45
      29
      32
      36
      45
      38
      44
      43
      48
      36
      37
      40
      46
      39
      41
      30
      47
      41
      34
      23
      35
      32
      35
      38
      49
      37
      30
      27
      34
      45
      33
      35
      45
      41
      25
      40
      34
      31
      35
      50
      40
      48
      39
      53
      45
      48
      35
      35
      34
      36
      41
      35
      42
      41
      47
      49
      65
      60
      55
      55
      42
      47
      41
      46
      30
      37
      36
      29
      31
      35
      32
      47
      54
      27
      31
      34
      39
      47
      28
      30
      40
      31
      37
      31
      37
      34
      35
      44
      35
      40
      29
      37
      44
      36
      34
      39
      40
      46
      46
      38
      40
      50
      29
      36
      29
      31
      30
      28
      40
      34
      39
      42
      23
      31
      30
      39
      42
      37
      36
      33
      40
      45
      41
      26
      29
      38
      34
      33
      37
      35
      35
      43
      37
      38
      21
      45
      37
      28
      38
      28
      37
      40
      43
      27
      40
      31
      45
      44
      31
      34
      37
      35
      36
      38
      39
      34
      37
      43
      35
      44
      34
      29
      44
      38
      40
      34
      36
      33
      41
      32
      43
      38
      42
      42
      38
      28
      29
      53
      34
      41
      36
      25
      31
      32
      31
      45
      32
      34
      35
      29
      29
      45
      42
      43
      40
      44
      33
      32
      49
      34
      37
      36
      44
      39
      24
      42
      31
      41
      26
      49
      32
      37
      35
      36
      42
      33
      39
      48
      40
      46
      31
      38
      45
      49
      43
      31
      36
      38
      34
      43
      37
      30
      34
      37
      35
      35
      38
      50
      27
      43
      33
      46
      37
      37
      43
      35
      33
      37
      35
      23
      28
      24
      39
      33
      40
      24
      28
      32
      33
      29
      41
      33
      35
      29
      31
      19
      29
      32
      35
      40
      31
      31
      44
      23
      27
      36
      45
      39
      39
      27
      20
      35
      35
      31
      37
      36
      37
      33
      35
      48
      82
      81
     116
     100
     108
     112
     116
      79
      47
      47
      34
      29
      32
      40
      32
      32
      29
      34
      29
      32
      31
      32
      34
      24
      39
      31
      32
      26
      31
      30
      28
      31
      36
      23
      32
      24
      33
      28
      31
      26
      29
      23
      28
      29
      34
      37
      22
      30
      30
      36
      34
      28
      35
      36
      32
      32
      39
      31
      22
      26
      24
      29
      29
      35
      21
      26
      27
      24
      21
      33
      27
      37
      29
      19
      38
      37
      39
      27
      35
      41
      43
      43
      39
      36
      27
      38
      26
      32
      38
      37
      26
      27
      25
      25
      28
      21
      31
      33
      30
      31
      32
      30
      27
      29
      33
      29
      28
      23
      21
      34
      34
      26
      22
      31
      26
      19
      23
      21
      25
      26
      28
      33
      38
      23
      29
      27
      29
      35
      22
      26
      22
      28
      25
      29
      25
      26
      23
      22
      30
      32
      27
      27
      36
      38
      23
      30
      28
      25
      33
      25
      31
      28
      39
      28
      24
      24
      29
      26
      34
      25
      26
      28
      31
      29
      28
      42
      46
      44
      37
      41
      40
      48
      41
      34
      40
      31
      20
      27
      25
      17
      21
      24
      27
      26
      27
      20
      17
      28
      24
      24
      20
      41
      33
      27
      22
      31
      27
      32
      25
      21
      31
      24
      29
      20
      30
      28
      32
      19
      27
      33
      32
      22
      27
      18
      20
      27
      24
      25
      29
      22
      30
      27
      24
      20
      24
      28
      26
      25
      29
      22
      28
      29
      28
      32
      24
      20
      33
      33
      20
      27
      24
      23
      22
      25
      34
      28
      20
      20
      19
      26
      26
      27
      24
      25
      25
      14
      22
      29
      25
      24
      32
      24
      28
      18
      34
      20
      16
      25
      29
      25
      22
      17
      30
      26
      18
      27
      24
      21
      26
      34
      23
      28
      23
      22
      21
      19
      25
      24
      24
      15
      28
      20
      19
      35
      25
      44
      38
      28
      26
      29
      24
      28
      25
      21
      27
      18
      23
      30
      14
      13
      15
      19
      21
      21
      17
      17
      24
      26
      19
      23
      26
      24
      24
      20
      18
      24
      27
      28
      21
      27
      16
      17
      27
      29
      24
      29
      26
      17
      27
      21
      21
      24
      36
      30
      33
      26
      23
      21
      20
      21
      31
      27
      24
      20
      20
      21
      26
      21
      22
      15
      23
      21
      25
      22
      18
      26
      18
      17
      22
      23
      23
      23
      24
      20
      18
      20
      32
      27
      24
      21
      21
      32
      20
      28
      30
      23
      20
      20
      19
      30
      26
      30
      14
      20
      21
      24
      17
      29
      21
      22
      21
      16
      24
      24
      17
      16
      25
      24
      26
      26
      24
      19
      17
      23
      29
      26
      19
      17
      27
      24
      25
      16
      17
      15
      24
      20
      31
      17
      31
      18
      20
      21
      17
      12
      23
      23
      20
      15
      28
      20
      19
      11
      28
      23
      25
      16
      27
      24
      33
      23
      26
      30
      29
      37
      25
      36
      32
      36
      52
      79
     108
     134
     217
     250
     291
     313
     338
     339
     305
     236
     172
      90
      44
      44
      24
      15
      19
      18
      26
      14
      20
      19
      18
      18
      21
      23
      25
      18
      17
      19
      15
      20
      23
      18
      22
      27
      20
      18
      29
      27
      25
      21
      27
      24
      26
      23
      18
      21
      20
      19
      21
      17
      16
      23
      27
      20
      25
      15
      17
      27
      14
      17
      16
      33
      25
      20
      30
      22
       8
      14
      22
      23
      15
      27
      16
      15
      16
      25
      31
      21
      21
      20
      28
      18
      26
      22
      27
      31
      47
      44
      42
      52
      63
      52
      51
      46
      38
      40
      26
      23
      15
      13
      27
      15
      24
      25
      27
      17
      15
      24
      24
      23
      21
      24
      27
      12
      18
      33
      20
      25
      21
      12
      25
      20
      20
      17
      18
      18
      18
      17
      19
      13
      12
      19
      28
      23
      20
      17
      20
      17
      14
      16
      15
      18
      22
       9
      16
      24
      20
      19
      14
      18
      18
      17
      24
      27
      34
      31
      23
      29
      33
      29
      15
      22
      25
      17
      19
      18
      16
      20
      17
      21
      29
      15
      12
      15
      10
      19
      20
      20
      20
      15
      17
      23
      17
      19
      22
      17
      17
      18
      12
      16
      18
      15
      13
      14
      20
      14
      22
      19
      13
      21
      21
      21
      18
       5
      17
      31
      16
      19
      16
      15
      17
       9
      22
      13
      18
      23
      16
      14
      16
      19
      34
      31
      23
      30
      24
      21
      22
      18
      11
      18
      19
      20
      10
      12
      14
      21
       9
      20
      21
      16
      18
      18
      20
      22
      20
      20
      15
      15
      15
      17
      21
      24
      16
      15
      15
      18
      18
      10
      19
      12
      14
      22
      15
       9
      13
       7
      16
      17
      22
      19
      22
      14
      25
      15
      15
      23
       8
      16
      25
      21
      11
      17
      15
      21
      22
      23
      24
      27
      28
      43
      58
      66
      83
     101
     114
     107
     130
     103
     122
     104
      79
      58
      32
      30
      15
      15
      18
      21
      16
      12
      13
      14
      20
      13
      17
      19
      14
      12
      15
      20
      21
      13
      14
      11
      20
      20
      18
      20
      14
      20
      19
      23
      24
      18
      31
      26
      17
      26
      21
      16
      17
      19
      26
      16
      15
      14
      18
      18
      13
      12
      18
      14
      14
      17
      23
      16
      14
      12
      15
      22
      13
      18
      17
       9
      16
      13
      26
      15
      26
      13
      13
      14
      16
      14
      20
      17
      16
      12
      22
      13
      22
      20
      15
      16
      12
      12
      16
      16
      17
      18
      15
      14
      15
      14
      20
      19
      24
      26
      26
      33
      36
      48
      31
      49
      39
      39
      39
      25
      19
      22
      12
      17
      20
      18
      13
      10
       7
      15
      16
      22
      16
      18
      22
      20
       9
      14
       9
      13
      13
      18
      18
      23
      10
      15
      17
      14
       7
      16
      11
      13
      13
      19
      13
      15
      17
      16
      14
      14
      19
      13
      10
      15
      23
      14
      14
      12
      20
      23
      23
      17
      21
      14
      18
      21
      21
      14
      12
      11
      15
      16
      18
       6
      18
      14
      15
      10
      11
      19
      18
      18
      13
      13
      23
      11
      18
      20
       8
      22
      14
      13
      16
      12
      17
      12
      10
      23
      15
      14
      14
      17
      14
      15
      16
      17
      12
       9
      10
      20
      14
      14
      17
      15
      15
      10
      16
      17
      11
      14
       8
      19
      15
      23
      15
      16
      17
      13
      16
      15
      16
      18
      15
      16
      26
      16
      12
      12
      17
      16
      20
      17
      16
      16
      12
      16
      12
      10
      14
      19
      13
      22
      13
      16
      13
      15
      13
      15
      21
      12
      16
      15
      11
      21
      14
      10
      12
      16
       8
      14
      12
      13
      12
      19
       9
      14
      13
      20
       9
      17
      16
      11
      14
      17
      14
      13
       9
      18
      13
      13
      15
      17
      15
      21
      12
      18
      21
       7
      16
      15
      15
      12
      14
      13
      18
      11
      20
       8
      14
       9
      19
      12
      14
      15
      16
      18
       7
       9
      24
       9
      12
       9
      17
      25
      16
      18
      21
      19
      15
      11
      15
      13
      20
      17
      20
      22
      19
      32
      31
      41
      48
      59
      74
      67
      82
      81
      83
      60
      64
      42
      43
      31
      20
      15
      14
      18
      16
      18
      17
      20
      21
      22
      25
      30
      33
      26
      17
      14
      21
      21
      19
      17
       8
      13
      18
      11
      15
      16
      19
      14
      10
      24
      15
      10
      15
      19
      13
      14
      15
      17
      14
      12
      15
      17
      20
      19
      13
      18
      25
      28
      30
      28
      35
      29
      37
      29
      35
      35
      24
      20
      25
      12
      24
      18
      34
      20
      39
      49
      44
      44
      56
      48
      45
      62
      28
      21
      21
      18
      15
      12
      14
      18
      16
      12
      13
       9
      16
      14
      10
      19
      18
      11
      14
      16
      12
      16
      14
      13
      12
      12
      18
      13
      16
      18
      16
      10
      19
      20
      10
      23
      17
      18
      25
      26
      19
      17
      20
      14
      16
      21
      16
      13
      11
      10
      18
      14
      11
       9
      15
      14
      13
       9
      13
      13
      11
      11
      21
      12
      13
      15
      10
      10
       9
      24
      13
      15
      13
      13
      15
      13
      11
      16
      17
       8
      13
      20
      17
      10
      14
      14
      12
      10
      14
      11
       9
       8
      13
      11
      14
      13
      15
       9
      12
      10
      18
       9
      12
      23
      18
      10
      16
      11
       9
       6
       9
      24
      14
      14
      19
      15
      15
      16
      24
      15
      10
      22
      24
      31
      21
      35
      24
      34
      43
      33
      36
      26
      31
      18
      18
      14
      18
      19
       8
      12
      19
      14
      22
       5
      11
       9
      10
      19
      19
      12
      13
      10
       9
      20
      16
      12
      14
       7
      16
      11
      19
      10
      26
      10
      13
      11
      15
      13
      13
      23
      20
      19
      19
      17
      21
      13
       9
      13
      15
      18
      14
      21
      24
      17
      10
      19
      13
      14
      14
      17
      12
      11
      12
      11
      21
      15
      11
      11
      13
      10
      12
      16
      11
      16
      23
      20
      27
      13
      10
      20
      16
      14
       8
      14
      17
      18
      16
      16
      17
      12
      20
      17
      18
      20
      17
      20
      11
      18
      18
      22
      13
      17
      13
      12
      12
      13
      20
      17
      24
      24
      28
      35
      37
      38
      33
      33
      51
      51
      43
      38
      40
      44
      30
      23
      16
      12
      26
      10
       7
      13
      20
      20
      19
      17
      19
       9
      13
      19
      16
      10
      29
      17
      16
      16
      15
      14
      14
      14
      11
      18
      14
      20
      13
      12
      24
      22
      10
      15
      18
      16
      14
      19
      12
      14
      16
       8
       8
      20
      18
      16
      20
      19
      18
      19
      13
      17
      17
      18
      16
      14
      20
      18
      12
      24
      14
      20
      17
      11
      20
      26
      25
      26
      20
      16
      19
      18
      18
      15
      19
      27
      15
      15
      26
      19
      16
      21
      15
       8
       8
      17
      13
      11
      12
      12
      16
      18
      15
       8
      10
       8
       8
       8
      12
       8
      10
       6
      13
      15
       6
      13
       6
      11
      13
      13
      10
       9
      12
       2
       6
       4
       8
      11
       9
      12
      10
      11
       8
      14
       7
       9
      12
      13
       6
      10
       4
      13
      11
       9
       9
      12
       8
      10
      10
      14
      13
      12
       8
       7
      14
      12
      16
      15
       8
      11
       9
      13
      10
       9
       9
      11
       7
       8
      10
      11
       7
      11
       6
      14
      11
       8
      17
      10
       9
       8
      10
      15
      19
      12
      21
      24
      20
       9
      25
      17
      16
      14
      11
      16
      14
      11
       3
       6
       9
       6
       4
       8
      12
      11
      17
      14
      10
       8
       9
      14
      11
      14
      15
      10
      13
      12
      12
      16
      13
      13
      12
      16
      15
       8
      17
       9
      19
      13
      14
      16
      10
      14
      10
      13
       6
      11
      10
       5
       7
      11
      12
       6
       5
       7
      17
      11
      12
      12
      12
       8
      14
       7
       6
      13
       4
      16
       6
      10
       9
       9
       8
       8
       8
      17
       8
      10
       8
      10
       5
       7
      11
      14
      11
       8
      16
      10
       7
       8
      11
       8
       6
      12
      15
       6
       8
      10
      12
       9
       8
       9
       4
       5
       9
      11
       7
      11
      10
       5
      10
       5
       5
      10
       6
       5
       6
       8
       4
       8
       8
       7
       8
       9
       4
      16
       3
       9
       2
      10
       6
      10
       9
       9
       6
       3
       8
      10
       6
       5
       3
       6
       5
      10
       6
       3
       8
       5
       6
       8
       5
       5
       9
       7
       3
       7
       3
       5
       5
       7
       7
       5
       7
       4
       3
       8
      10
       4
       6
       7
       6
       4
       6
       9
       1
       4
       5
       7
       6
       9
       1
       7
       9
      10
       5
       4
      11
      20
      11
      17
      17
      15
      23
      11
      18
      12
      14
      19
      10
       8
      10
       9
       2
       5
       7
       4
       6
      10
       5
       7
       5
       9
       3
       6
       7
       4
       6
       4
       8
       4
       4
       5
       6
       5
       3
       6
       5
       5
       5
       6
       3
       3
       5
       3
       5
       5
       5
       2
       4
       4
       5
       7
       3
       3
       4
       3
       8
      11
      10
      10
       6
       7
      10
      10
       5
       5
       2
       5
       5
       7
       9
       1
       4
       9
       4
       3
       9
       2
       6
       6
       4
       5
      11
       6
       6
       9
       4
       3
       6
       7
       4
       7
       3
       2
       5
       3
       2
       7
       3
       3
       2
       7
       5
       5
       5
       4
       5
       3
       1
       4
       5
       3
       2
       6
       3
       3
       9
       2
       2
       8
       6
       8
       2
       1
       4
       1
       3
       6
       5
       4
       2
       5
       2
       1
       2
       3
       7
       3
       3
       2
       6
       9
       3
       3
       2
       4
       4
       6
       8
       6
       6
       5
       4
       3
       3
       5
       3
       2
      10
       8
       4
       6
      13
       6
      24
      16
      14
      25
      22
      36
      31
      40
      30
      44
      24
      31
      30
      24
      25
      14
      11
       6
       3
       3
       4
       4
       1
       3
       5
       7
       3
       5
       6
       8
       5
       7
       3
       2
       3
       3
       3
       4
       4
       2
       6
      10
       9
       3
       2
       3
       5
       5
       5
       6
       5
       1
       2
       6
       3
       6
       9
       1
       4
       4
       2
       3
       5
       4
       5
       2
       3
       1
       5
       5
       6
       6
       6
       4
       3
       7
       4
       7
       8
       8
      14
       8
      14
      20
      22
      32
      38
      61
      88
      96
     124
     127
     149
     153
     176
     139
     152
     165
     134
     128
      97
      67
      41
      23
      10
       5
       5
       8
       5
       4
       1
       4
       5
       1
       5
       6
       0
       2
       4
       3
       2
       1
       0
       2
       2
       2
       6
       2
       2
       5
       6
       1
       1
       0
       4
       3
       6
       3
       5
       6
       3
       2
       5
       1
       0
       3
       1
       2
       4
       3
       4
       1
       7
       2
       4
       2
       1
       2
       8
       4
       6
       3
       2
       6
       2
       2
       5
       2
       2
       2
       0
       3
       5
       0
       3
       7
       4
       3
       3
       3
       3
       2
       2
       1
       5
       6
       3
       2
       3
       5
       3
       3
       2
       3
       4
       3
       3
       2
       3
       2
       3
       3
       1
       6
       5
       5
       1
       4
       7
       4
       2
       1
       6
       5
       6
       3
       4
       5
       2
       4
       2
       3
       3
       8
       3
       1
       1
       4
       1
       5
       2
       4
       6
       4
       4
       3
       6
       4
       2
       2
       3
       1
       1
       2
       3
       1
       3
       2
       6
       0
       4
       3
       6
       2
       5
       3
       3
       2
       4
       7
       5
       2
       7
       4
       0
       3
       5
       2
       1
       6
       2
       4
       5
      10
       3
       7
       7
       8
      10
       8
      11
       6
       8
       9
       3
       6
       5
      10
       6
       4
       5
       8
      17
      18
      14
      20
      13
      17
      32
      19
      24
      27
      29
      27
      15
      21
      16
       7
       3
       5
       3
       8
       3
       3
       2
       2
       4
       5
       6
       5
       2
       5
       2
       2
       5
       6
       1
       3
       3
       3
       4
       3
       4
       4
       1
       3
       7
       2
       3
       3
       5
       2
       4
       2
       6
       3
       2
       4
       4
       5
       5
       8
       8
       3
       5
       2
       4
       7
       5
       6
       3
       5
       2
       3
       3
       5
      10
       7
       6
       5
       4
       3
       5
       4
       4
       2
       4
       2
       3
       4
       5
       3
       5
       1
       2
       2
       4
       8
       0
       6
       4
       4
       5
       3
       1
       2
       4
       3
       3
       5
       1
       4
       9
       4
       1
       4
       2
       4
       4
       5
       5
       1
       3
       1
       4
       8
       2
       6
       3
       6
       5
       9
       5
       7
      11
       3
       2
       4
       5
       6
       6
       4
       4
       2
       2
       6
       2
       6
       3
       3
       4
       0
       5
       2
       1
       4
       2
       5
       3
       2
       1
       2
       2
       1
       6
       2
       2
       3
       6
       6
       2
       4
       6
       0
       2
       4
       8
       3
       5
       3
       2
       7
       4
       3
       3
       1
       2
       3
       2
       3
       3
       7
       2
       5
       4
       3
       8
       3
       5
       3
       0
       2
       3
       3
       4
       4
       2
       9
       6
       4
       6
       1
       2
       2
       3
       3
       1
       6
       4
       3
       2
       1
       5
       1
       4
       3
       4
       2
       6
       5
       8
       2
       4
       7
       4
       7
       5
       4
       4
       2
       5
       5
       1
       4
       2
       2
       6
       0
       8
       7
       1
       6
       4
       6
       4
       4
       5
       2
       2
       2
       5
       1
       4
       3
       5
       8
       3
       4
       3
       6
       4
       2
       3
       5
       3
       3
       6
       4
       5
       7
       2
       4
       2
       3
       3
       6
       4
       5
       3
       3
       3
       3
       3
       2
       5
       1
       3
       2
       3
       4
       1
       2
       6
       4
       4
       4
       2
       3
       3
       6
       8
       3
       3
       5
       2
       4
       0
       6
       5
       2
       1
       0
       3
       3
       5
       2
       3
       0
       3
       2
       4
       5
       2
       4
       3
       2
       1
       3
       3
       3
       2
       2
       8
       3
       6
       2
       5
       2
       5
       2
       3
       2
       1
       4
       3
       3
       5
       1
       2
       2
       6
       2
       3
       2
       2
       6
       3
       1
       1
       2
       5
       2
       0
       1
       0
       5
       0
       2
       4
       2
       3
       5
       3
       0
       0
       5
       5
       2
       4
       5
       3
       6
       3
       1
       2
       4
       2
       4
       1
       3
       0
       1
       0
       2
       3
       2
       4
       1
       1
       1
       1
       1
       4
       5
       4
       5
       2
       5
       1
       3
       5
       1
       3
       3
       0
       2
       3
       3
       1
       1
       3
       1
       3
       3
       4
       4
       3
       0
       2
       2
       4
       1
       4
       0
       1
       3
       3
       3
       0
       1
       2
       4
       0
       3
       1
       3
       2
       2
       3
       1
       1
       1
       2
       5
       5
       2
       1
       2
       4
       2
       1
       3
       2
       0
       0
       1
       3
       2
       3
       3
       1
       1
       2
       1
       5
       2
       2
       3
       1
       0
       0
       1
       4
       2
       0
       7
       4
       1
       4
       6
       2
       2
       0
       1
       1
       5
       2
       0
       1
       4
       2
       0
       4
       0
       0
       2
       3
       2
       2
       4
       5
       3
       0
       2
       2
       1
       1
       4
       4
       3
       1
       3
       2
       2
       1
       3
       2
       2
       5
       3
       0
       2
       0
       0
       3
       4
       2
       3
       2
       3
       2
       2
       2
       1
       1
       2
       3
       0
       1
       2
       2
       2
       3
       1
       0
       2
       1
       0
       2
       4
       1
       5
       2
       1
       4
       1
       1
       1
       3
       2
       1
       0
       2
       2
       2
       2
       2
       2
       1
       0
       2
       3
       1
       0
       1
       1
       3
       0
       3
       2
       3
       2
       3
       2
       0
       4
       3
       2
       2
       2
       1
       1
       0
       0
       2
       1
       4
       1
       3
       1
       1
       2
       1
       2
       2
       0
       2
       2
       1
       2
       1
       4
       2
       2
       1
       1
       1
       2
       3
       2
       5
       3
       0
       1
       0
       1
       2
       3
       1
       1
       1
       2
       1
       1
       4
       3
       2
       1
       4
       3
       4
       2
       2
       1
       1
       2
       2
       4
       0
       1
       1
       2
       1
       3
       4
       4
       5
       5
      10
       8
      12
       8
       7
       7
       9
      11
      14
      15
       8
       5
       2
       4
       2
       1
       2
       1
       0
       2
       0
       0
       1
       0
       1
       2
       1
       1
       2
       1
       1
       2
       0
       1
       0
       2
       0
       1
       2
       1
       3
       1
       2
       1
       1
       3
       0
       2
       1
       2
       0
       1
       3
       1
       1
       1
       2
       0
       1
       0
       2
       0
       1
       2
       1
       2
       1
       1
       1
       1
       0
       2
       1
       1
       1
       0
       1
       0
       2
       0
       0
       1
       1
       0
       1
       1
       2
       0
       0
       0
       0
       2
       1
       1
       1
       2
       1
       1
       0
       1
       0
       0
       1
       0
       1
       1
       0
       1
       1
       0
       1
       1
       0
       1
       2
       0
       3
       2
       3
       1
       1
       0
       0
       0
       1
       0
       1
       2
       0
       0
       0
       0
       2
       0
       0
       1
       2
       2
       0
       1
       0
       1
       2
       1
       0
       0
       1
       2
       2
       2
       1
       1
       0
       2
       0
       0
       4
       2
       1
       2
       1
       1
       0
       1
       0
       3
       2
       0
       1
       1
       0
       0
       2
       0
       1
       0
       1
       0
       0
       0
       1
       0
       2
       1
       1
       0
       1
       1
       0
       5
       1
       0
       1
       4
       5
       1
       2
       1
       1
       2
       5
       3
       4
       7
       4
       2
       5
      11
      19
      10
      16
      21
      24
      31
      29
      38
      41
      27
      31
      40
      40
      31
      33
      28
      21
      17
       6
      10
       1
       3
       1
       1
       3
       0
       2
       1
       1
       1
       1
       1
       1
       1
       2
       2
       2
       0
       0
       2
       0
       1
       1
       1
       0
       1
       0
       1
       0
       0
       1
       1
       3
       0
       0
       0
       0
       0
       1
       2
       1
       0
       0
       1
       1
       0
       0
       0
       1
       0
       1
       0
       0
       0
       0
       0
       0
       0
       2
       1
       2
       0
       1
       1
       3
       2
       0
       2
       0
       1
       0
       1
       0
       1
       0
       0
       0
       1
       0
       2
       1
       0
       1
       1
       0
       1
       3
       0
       2
       1
       0
       1
       0
       1
       1
       1
       0
       1
       0
       1
       0
       0
       0
       1
       0
       1
       1
       2
       2
       0
       1
       1
       0
       0
       0
       0
       0
       0
       0
       0
       0
       2
       2
       0
       0
       1
       0
       0
       0
       0
       3
       1
       0
       0
       0
       1
       1
       1
       1
       2
       1
       0
       0
       0
       1
       0
       0
       0
       3
       1
       0
       0
       0
       1
       1
       1
       0
       0
       0
       1
       2
       0
       0
       2
       0
       0
       0
       1
       0
       0
       0
       0
       0
       1
       2
       0
       0
       1
       2
       0
       0
       0
       0
       0
       0
       0
       0
       1
       0
       0
       0
       1
       2
       0
       0
       2
       2
       1
       1
       0
       0
       0
       2
       1
       1
       0
       0
       1
       5
       1
       2
       1
       3
       4
       2
       2
       1
       2
       1
       1
       1
       0
       0
       0
       1
       0
       1
       0
       2
       0
       1
       1
       0
       0
       0
       0
       0
       0
       0
       0
       1
       0
       0
       1
       0
       0
       0
       1
       0
       0
       1
       0
       0
       0
       0
       1
       1
       0
       0
       0
       1
       0
       0
       0
       0
       2
       0
       0
       0
       0
       1
       1
       1
       0
       0
       0
       1
       0
       0
       2
       0
       0
       0
       1
       1
       1
       1
       0
       0
       2
       1
       0
       0
       0
       1
       0
       1
       0
       1
       1
       0
       2
       0
       2
       0
       0
       0
       0
       0
       0
       0
       1
       0
       1
       0
       0
       1
       1
       0
       0
       0
       2
       1
       1
       1
       0
       0
       0
       1
       0
       0
       0
       0
       1
       0
       0
       0
       0
       1
       1
       0
       1
       0
       1
       1
       1
       1
       0
       0
       0
       0
       0
       0
       2
       1
       0
       1
       0
       0
       0
       0
       0
       0
       0
       0
       1
       0
       0
       0
       0
       1
       0
       1
       0
       0
       0
       0
       1
       0
       0
       0
       0
       0
       0
       0
       0
       0
       0
       0
       0
       0
       1
       0
       0
       1
       0
       1
       1
       0
       0
       0
       0
       0
       1
       0
       0
       1
       0
       1
       0
       0
       1
       0
       0
       0
       0
       0
       0
       1
       0
       0
       0
       0
       0
       1
       0
       0
       0
       1
       1
       0
       0
       0
       1
       0
       0
       0
       2
       1
       0
       1
       1
       0
       1
       0
       0
       0
       1
       0
       1
       0
       0
       0
       2
       1
       0
       1
       1
       0
       0
       0
       0
       0
       0
       0
       1
       0
       1
       0
       1
       0
       0
       0
       0
       1
       0
       1
       0
       0
       2
       0
       2
       0
       0
       1
       0
       0
       2
       0
       0
       1
       1
       0
       0
       0
       0
       1
       2
       0
       0
       0
       0
       0
       0
       0
       0
       0
       0
       0
       0
       0
       1
       1
       0
       1
       0
       0
       0
       0
       1
       1
       0
       0
       0
       2
       0
       0
       0
       1
       1
       0
       0
       0
       0
       0
       0
       0
       1
       0
       0
       1
       0
       0
       0
       0
       0
       0
       0
       0
       0
       0
       0
       0
       0
       0
       0
       0
       0
       0
       0
       1
       0
       0
       0
       0
       0
       0
       0
       1
       2
       1
       0
       0
       0
       1
       1
       0
       0
       2
       1
       2
       1
       3
       7
       3
       6
       0
       6
       7
       9
      10
       8
      12
       8
       6
       7
      10
      11
      12
       8
       8
       4
       7
       1
       1
       1
       0
       0
       0
       0
       0
       0
       0
       0
       0
       1
       0
       0
       0
       0
       0
       0
       0
       0
       0
       0
       0
       0
       0
       0
       0
       0
       0
       0
       0
       0
       0
       0
       0
       0
       0
       0
       1
       0
       1
       0
       0
       0
       0
       0
       0
       0
       0
       0
       0
       0
       0
       0
       0
       0
       0
       0
       0
       0
       0
       0
       0
       0
       0
       1
       0
       0
       0
       0
       0
       0
       0
       1
       0
       0
       0
       0
       0
       0
       0
       0
       0
       0
       0
       0
       0
       0
       0
       0
       0
       0
       0
       1
       0
       0
       1
       0
       0
       0
       0
       0
       1
       0
       0
       0
       0
       0
       2
       0
       1
       0
       0
       0
       0
       0
       0
       0
       0
       0
       0
       0
       0
       0
       0
       0
       0
       0
       1
       0
       0
       0
       0
       0
       0
       1
       0
       0
       0
       0
       0
       0
       0
       0
       0
       0
       0
       0
       0
       0
       0
       1
       0
       1
       0
       1
       0
       0
       0
       0
       1
       0
       0
       0
       0
       0
       0
       0
       0
       0
       0
       0
       0
       0
       0
       0
       0
       0
       0
       0
       0
       0
       0
       0
       0
       0
       0
       0
       1
       0
       0
       0
       1
       0
       0
       0
       0
       0
       0
       0
       0
       0
       0
       0
       0
       0
       0
       0
       0
       0
       0
       0
       0
       0
       1
       0
       0
       0
       0
       0
       0
       0
       0
       0
       0
       0
       0
       0
       0
       0
       0
       0
       0
       0
       0
       0
       0
       0
       0
       0
       0
       0
       0
       1
       1
       0
       0
       0
       0
       0
       0
       0
       0
       1
       0
       0
       0
       0
       0
       0
       0
       0
       0
       0
       0
       0
       0
       0
       0
       0
       0
       0
       0
       0
       0
       0
       0
       0
       0
       0
       0
       0
       0
       0
       0
       0
       0
       0
       0
       0
       0
       0
       0
       0
       0
       0
       0
       0
       0
       0
       0
       0
       0
       0
       0
       0
       0
       0
       0
       0
       1
       0
       0
       0
       0
       0
       0
       0
       0
       0
       0
       1
       0
       0
       0
       1
       0
       0
       0
       0
       0
       0
       0
       0
       1
       0
       0
       0
       1
       0
       0
       1
       0
       0
       0
       0
       0
       0
       0
       0
       0
       0
       0
       0
       0
       0
       0
       0
       0
       0
       0
       0
       0
       0
       0
       0
       0
       0
       1
       0
       0
       0
       0
       0
       0
       0
       1
       1
       0
       0
       0
       0
       0
       0
       0
       0
       0
       0
       0
       0
       0
       1
       1
       1
       0
       1
       0
       1
       1
       1
       0
       2
       2
       1
       1
       1
       3
       3
       5
       2
       1
       0
       2
       1
       1
       1
       0
       0
       0
       0
       0
       1
       0
       0
       0
       0
       0
       0
       0
       0
       0
       0
       0
       0
       0
       0
       0
       0
       0
       0
       0
       0
       0
       0
       0
       0
       0
       0
       0
       0
       0
       1
       0
       0
       0
       0
       0
       0
       0
       0
       0
       0
       0
       0
       0
       0
       0
       0
       0
       0
       1
       0
       0
       0
       0
       0
       1
       1
       0
       0
       0
       0
       0
       0
       1
       0
       0
       0
       0
       0
       0
       0
       0
       0
       0
       0
       0
       0
       0
       0
       0
       0
       0
       1
       0
       0
       0
       0
       0
       0
       0
       0
       0
       0
       0
       0
       0
       0
       0
       1
       0
       0
       1
       1
       0
       0
       0
       0
       0
       0
       0
       0
       0
       0
       0
       0
       0
       0
       0
       0
       0
       0
       0
       0
       0
       0
       0
       0
       0
       0
       0
       0
       1
       0
       0
       0
       0
       0
       0
       0
       0
       0
       0
       1
       0
       1
       0
       0
       0
       0
       0
       0
       0
       0
       0
       0
       0
       0
       0
       0
       0
       0
       0
       0
       0
       0
       0
       0
       0
       0
       0
       0
       0
       0
       0
       0
       0
       0
       0
       0
       0
       0
       0
       0
       0
       0
       1
       0
       0
       0
       0
       1
       0
       0
       0
       0
       0
       0
       0
       0
       0
       0
       0
       0
       0
       0
       0
       2
       0
       0
       0
       0
       0
       0
       0
       1
       0
       0
       0
       0
       0
       0
       0
       0
       0
       0
       0
       0
       0
       0
       0
       0
       0
       0
       0
       1
       0
       0
       0
       0
       0
       0
       0
       1
       0
       0
       0
       0
       1
       0
       1
       0
       0
       0
       0
       0
       1
       0
       0
       0
       0
       0
       0
       0
       0
       0
       0
       0
       0
       0
       0
       0
       1
       1
       0
       0
       0
       0
       0
       0
       0
       0
       0
       0
       0
       1
       0
       0
       1
       0
       0
       0
       1
       0
       1
       0
       0
       0
       0
       1
       0
       0
       1
       0
       0
       0
       0
       0
       0
       0
       0
       0
       0
       1
       0
       0
       0
       0
       0
       0
       0
       0
       0
       0
       0
       0
       0
       0
       0
       0
       0
       0
       1
       0
       0
       1
       1
       0
       0
       1
       0
       0
       0
       0
       0
       0
       1
       0
       0
       1
       0
       0
       0
       0
       0
       0
       0
       0
       0
       0
       0
       0
       1
       0
       0
       0
       0
       0
       0
       1
       0
       0
       0
       0
       0
       0
       1
       0
       1
       0
       0
       1
       0
       0
       0
       0
       0
       0
       0
       0
       0
       0
       0
       1
       0
       0
       0
       0
       1
       0
       0
       0
       0
       0
       0
       0
       0
       0
       0
       0
       0
       0
       0
       0
       0
       0
       0
       0
       0
       0
       0
       0
       0
       0
       0
       0
       0
       0
       0
       0
       0
       0
       1
       0
       0
       0
       0
       0
       0
       0
       0
       0
       1
       0
       0
       0
       0
       0
       0
       0
       0
       0
       0
       1
       0
       0
       0
       0
       0
       0
       0
       0
       0
       0
       0
       0
       0
       0
       0
       0
       0
       0
       0
       0
       0
       0
       0
       0
       0
       0
       1
       0
       0
       0
       0
       0
       0
       0
       0
       0
       0
       0
       0
       0
       0
       0
       0
       0
       0
       0
       0
       0
       0
       0
       0
       0
       0
       0
       0
       0
       0
       0
       0
       0
       0
       0
       0
       0
       0
       0
       0
       0
       0
       0
       0
       0
       0
       0
       0
       0
       0
       0
       0
       0
       0
       0
       0
       0
       0
       0
       0
       0
       0
       0
       0
       0
       0
       0
       0
       0
       0
       0
       0
       0
       0
       0
       0
       0
       0
       0
       0
       0
       0
       1
       0
       0
       0
       0
       0
       0
       0
       0
       0
       0
       0
       0
       0
       0
       0
       0
       0
       0
       0
       0
       0
       0
       0
       0
       0
       0
       0
       0
       0
       0
       0
       0
       1
       0
       0
       0
       0
       0
       0
       0
       0
       0
       0
       0
       0
       0
       0
       0
       0
       0
       0
       0
       0
       0
       0
       0
       0
       0
       0
       0
       0
       0
       0
       0
       0
       0
       0
       0
       0
       0
       0
       0
       0
       2
       1
       0
       2
       0
       0
       0
       0
       0
       0
       0
       0
       0
       0
       0
       0
       0
       0
       0
       0
       0
       0
       0
       0
       0
       0
       0
       0
       0
       0
       0
       0
       0
       1
       0
       0
       0
       0
       0
       0
       0
       0
       0
       0
       0
       0
       0
       0
       0
       0
       0
       0
       0
       1
       0
       0
       0
       1
       0
       0
       0
       0
       0
       0
       1
       0
       1
       0
       0
       0
       0
       0
       0
       0
       0
       0
       0
       0
       0
       0
       1
       0
       0
       0
       0
       0
       0
       0
       0
       0
       0
       0
       0
       0
       0
       0
       0
       0
       0
       0
       1
       0
       0
       0
       0
       0
       0
       0
       0
       0
       0
       0
       1
       0
       0
       0
       1
       0
       0
       0
       0
       0
       0
       0
       1
       0
       0
       0
       0
       0
       0
       0
       0
       0
       0
       0
       0
       0
       0
       0
       0
       0
       0
       0
       0
       0
       1
       0
       0
       0
       0
       0
       0
       0
       0
       0
       0
       0
       1
       0
       0
       0
       0
       0
       0
       0
       0
       0
       0
       0
       0
       0
       0
       0
       1
       0
       0
       0
       0
       0
       0
       0
       0
       0
       0
       0
       0
       0
       0
       0
       0
       0
       0
       0
       0
       0
       0
       0
       0
       0
       0
       0
       0
       0
       0
       0
       0
       1
       0
       0
       0
       0
       0
       0
       0
       0
       0
       0
       0
       0
       0
       0
       0
       0
       0
       0
       0
       0
       0
       0
       0
       0
       0
       0
       0
       0
       0
       0
       0
       0
       0
       0
       0
       0
       0
       0
       0
       0
       0
       0
       0
       0
       1
       0
       0
       0
       0
       1
       1
       0
       0
       0
       0
       0
       0
       0
       0
       0
       0
       0
       0
       0
       0
       0
       0
       1
       0
       0
       0
       0
       0
       0
       0
       0
       0
       0
       0
       0
       0
       0
       1
       0
       0
       0
       0
       0
       0
       0
       0
       0
       1
       0
       1
       0
       0
       0
       0
       1
       0
       0
       0
       0
       0
       0
       0
       0
       0
       0
       0
       0
       0
       0
       0
       0
       1
       0
       1
       0
       0
       0
       0
       0
       0
       0
       0
       0
       0
       0
       0
       0
       0
       1
       0
       0
       0
       0
       0
       0
       1
       0
       0
       0
       0
       0
       0
       0
       0
       1
       0
       0
       0
       0
       0
       0
       0
       0
       0
       0
       0
       1
       1
       0
       0
       0
       1
       0
       0
       0
       0
       0
       0
       0
       0
       0
       0
       0
       0
       1
       0
       0
       0
       0
       0
       0
       0
       0
       0
       0
       0
       0
       0
       0
       0
       0
       0
       0
       0
       0
       0
       0
       0
       0
       0
       0
       0
       0
       0
       0
       0
       0
       0
       0
       0
       0
       0
       0
       0
       0
       0
       0
       0
       0
       0
       0
       0
       0
       0
       0
       0
       0
       0
       1
       0
       0
       0
       0
       0
       0
       0
       0
       0
       0
       0
       0
       0
       0
       0
       0
       0
       0
       0
       0
       0
       0
       0
       0
       0
       0
       0
       0
       0
       0
       0
       0
       0
       0
       0
       0
       0
       0
       0
       0
       0
       0
       0
       0
       0
       0
       0
       0
       0
       0
       0
       0
       0
       0
       0
       0
       0
       0
       0
       0
       0
       0
       0
       0
       0
       0
       0
       0
       1
       1
       0
       0
       0
       0
       0
       0
       1
       0
       0
       0
       0
       0
       0
       0
       0
       0
       0
       0
       0
       0
       1
       0
       0
       0
       0
       0
       0
       0
       0
       0
       0
       0
       0
       0
       0
       0
       0
       0
       0
       0
       0
       0
       0
       0
       0
       0
       0
       0
       0
       0
       1
       0
       0
       0
       0
       0
       0
       0
       0
       0
       0
       0
       0
       0
       0
       0
       0
       0
       0
       0
       0
       0
       0
       0
       0
       0
       0
       0
       0
       0
       0
       0
       0
       0
       0
       0
       0
       0
       0
       0
       1
       0
       0
       0
       0
       0
       0
       0
       0
       0
       0
       0
       0
       0
       0
       0
       0
       0
       0
       0
       0
       0
       0
       0
       0
       0
       0
       0
       0
       0
       0
       0
       0
       0
       0
       0
       0
       0
       1
       0
       0
       0
       0
       0
       0
       0
       0
       0
       0
       0
       0
       0
       0
       0
       0
       0
       0
       0
       0
       0
       0
       0
       0
       0
       0
       0
       0
       0
       0
       0
       0
       0
       1
       0
       0
       0
       1
       0
       0
       0
       0
       0
       0
       0
       0
       0
       0
       0
       0
       0
       0
       0
       0
       0
       0
       0
       0
       0
       1
       0
       0
       0
       0
       0
       0
       0
       0
       0
       0
       0
       0
       0
       0
       0
       0
       0
       0
       0
       0
       0
       0
       0
       2
       1
       0
       0
       0
       0
       0
       0
       0
       0
       0
       0
       0
       1
       0
       0
       0
       0
       0
       0
       0
       0
       0
       0
       0
       0
       0
       0
       0
       0
       0
       0
       0
       0
       0
       0
       0
       0
       0
       0
       0
       0
       0
       0
       0
       0
       0
       0
       0
       0
       0
       0
       0
       0
       0
       0
       0
       0
       0
       0
       0
       0
       0
       0
       0
       0
       0
       0
       0
       0
       0
       0
       0
       0
       0
       0
       0
       0
       0
       0
       0
       0
       0
       0
       0
       0
       0
       0
       0
       0
       0
       0
       0
       1
       0
       0
       0
       0
       0
       0
       0
       0
       0
       0
       0
       0
       0
       0
       0
       0
       0
       0
       0
       0
       0
       0
       0
       0
       0
       0
       0
       1
       0
       0
       0
       0
       0
       0
       0
       0
       0
       0
       0
       0
       0
       0
       1
       0
       1
       0
       0
       0
       3
       2
       0
       1
       1
       3
       1
       2
       2
       1
       1
       0
       0
       1
       2
       0
       2
       0
       1
       2
       0
       0
       2
       1
       2
       0
       0
       1
       0
       0
       1
       1
       1
       0
       0
       0
       0
       0
       1
       0
       0
       0
       1
       0
       1
       2
       3
       0
       1
       1
       0
       0
       0
       0
       1
       1
       1
       1
       3
       0
       0
       0
       2
       2
       0
       0
       0
       1
       0
       2
       2
       0
       3
       3
       0
       1
       0
       0
       0
       1
       0
       1
       0
       0
       1
       2
       0
       1
       2
       1
       2
       0
       2
       0
       0
       2
       1
       1
       1
       0
       1
       0
       1
       1
       3
       0
       0
       1
       0
       1
       2
       0
       1
       1
       0
       0
       0
       1
       2
       0
       0
       1
       1
       0
       0
       1
       1
       0
       0
       0
       0
       1
       2
       0
       3
       0
       1
       1
       0
       1
       0
       1
       1
       0
       1
       1
       0
       1
       1
       0
       1
       1
       0
       2
       1
       0
       2
       0
       1
       1
       1
       1
       0
       0
       0
       1
       2
       0
       0
       1
       1
       0
       0
       2
       1
       0
       0
       1
       0