# y       
       0
       0
       0
       0
       0
       0
       0
       0
       0
       0
       0
       0
       0
       0
       0
       0
       0
       0
       0
       0
       0
       0
       0
       0
       0
       0
       0
       0
       0
       0
       0
       0
       0
       0
       0
       0
       0
       0
       0
       0
       0
       0
       0
       0
       0
       0
       0
       0
       0
       0
       0
       0
       7
      16
      57
      72
      89
     108
     132
     111
     133
     119
     126
     125
     108
     106
     107
     104
     123
     111
     103
     119
     115
     109
     118
     120
     102
      96
     112
     113
      97
     105
      99
     113
      95
      98
      96
      91
     100
      97
     106
     101
      96
     105
      78
     109
      94
      97
      98
     112
     106
      77
     128
     138
     162
     235
     242
     181
     132
      99
      95
      96
     107
     100
     102
      92
      82
     138
     153
     211
     188
     147
     123
     121
     100
      80
      60
      91
      88
      78
      70
      73
      84
      74
      78
      74
      56
      81
      60
      74
      84
      71
      79
      66
      57
      90
      75
      72
      67
      72
      78
      66
      75
      77
      75
      64
      60
      74
      73
      66
      65
      76
      78
      82
      69
      74
      86
      70
      76
      70
      61
      84
      89
      90
      66
      64
      80
      76
      85
      73
      78
      93
      90
      77
     103
      76
      93
     107
     113
      99
      92
     116
     127
     151
     120
      86
      81
      80
      99
      88
      87
      69
      86
      77
      74
      85
      87
     105
     101
      85
     109
     120
     124
     105
     132
     132
     159
     161
     160
     139
     129
     119
     134
     131
     112
     120
     118
      89
      93
     123
      98
     109
      92
      98
     111
     113
     119
      89
     102
     101
     106
      94
      86
     111
     102
     102
      98
      95
      94
     105
      95
      82
     110
      91
     116
      97
      91
     110
      90
     107
      99
      91
     120
      96
     110
     111
     110
      99
     100
      88
     102
      92
     105
     122
     102
     119
     124
     119
     115
     126
     126
     112
     128
     101
     124
     126
     125
     118
     133
     115
     111
     113
     124
     113
     116
     113
     116
     124
     123
     138
     136
     118
     126
     117
     129
     189
     475
    1472
    3017
    3566
    2406
    1001
     331
     133
      95
      95
      85
      82
      83
      96
      84
      67
      90
      96
      81
      73
      93
      80
      94
      86
      72
      80
      91
      84
      89
      76
      86
      62
     109
      71
      91
      78
      83
      63
      85
      77
      84
      89
      88
      89
      89
     102
      82
      78
      96
      77
      83
      76
      84
      81
      78
      89
      88
      96
      85
      91
      73
      82
      92
      93
      80
      97
     101
     106
      90
      83
      85
      90
      87
      84
      99
      84
     101
      91
      98
      93
      88
     106
      92
      95
      98
      86
      92
      82
     104
      90
      84
     115
     100
     105
      88
      97
      85
      82
      77
      78
      88
      84
      79
      79
      79
      75
      70
      98
      88
      89
      82
      79
      69
      73
      79
      76
      73
      92
      94
      89
      75
      94
      66
      78
      75
      86
      78
      73
      77
      75
      71
      73
      79
      74
      70
      84
      84
      80
      70
      91
      83
      70
      66
      71
      81
      75
      68
      73
      85
      80
      71
      86
      81
      67
      78
      73
      62
      92
      61
      83
      76
      67
      76
      84
      62
      63
      72
      84
      67
      71
      66
      69
      76
      68
      74
      71
      67
      58
      66
      63
      64
      67
      73
      64
      64
      74
      77
      66
      76
      53
      62
      74
      59
      71
      71
      61
      60
      65
      64
      50
      62
      78
      66
      63
      68
      74
      67
      79
      67
      63
      58
      56
      63
      63
      79
      54
      69
      66
      70
      60
      76
      69
      62
      62
      54
      51
      73
      54
      61
      69
      76
      67
      75
      55
      78
      82
      55
      69
      60
      59
      68
      63
      52
      64
      57
      71
      70
      53
      65
      65
      65
      51
      69
      53
      59
      73
      49
      50
      51
      47
      61
      60
      58
      49
      48
      60
      53
      54
      55
      53
      55
      56
      68
      40
      43
      52
      47
      46
      43
      54
      35
      49
      55
      48
      52
      53
      46
      60
      40
      43
      56
      43
      67
      60
      66
      55
      40
      44
      49
      37
      48
      40
      51
      36
      60
     138
     272
     522
     567
     419
     223
      86
      49
      35
      41
      40
      42
      30
      39
      49
      46
      45
      41
      46
      41
      50
      42
      40
      30
      32
      28
      34
      32
      24
      39
      37
      33
      40
      24
      39
      25
      35
      33
      38
      41
      43
      34
      38
      36
      38
      30
      40
      47
      33
      38
      39
      30
      30
      47
      34
      38
      38
      30
      37
      19
      24
      42
      36
      30
      29
      31
      34
      34
      32
      39
      32
      35
      31
      35
      21
      33
      25
      35
      31
      30
      39
      46
      33
      40
      32
      33
      33
      23
      27
      39
      32
      29
      35
      36
      41
      27
      25
      34
      30
      32
      37
      33
      37
      34
      41
      25
      27
      29
      42
      33
      34
      32
      33
      36
      26
      41
      37
      30
      22
      36
      29
      37
      38
      23
      33
      27
      32
      29
      49
      51
      50
      52
      51
      23
      22
      24
      26
      28
      31
      18
      23
      28
      30
      30
      26
      28
      19
      23
      29
      38
      22
      26
      27
      29
      23
      28
      28
      30
      19
      18
      28
      29
      23
      35
      26
      21
      28
      22
      22
      33
      22
      22
      26
      27
      31
      34
      25
      27
      20
      21
      27
      25
      39
      24
      41
      35
      28
      25
      32
      37
      31
      24
      18
      19
      37
      42
      14
      17
      36
      25
      31
      31
      26
      25
      22
      31
      25
      25
      25
      28
      21
      27
      24
      31
      33
      20
      21
      12
      29
      27
      23
      20
      22
      29
      29
      28
      20
      28
      21
      24
      25
      19
      29
      15
      27
      26
      42
      27
      28
      18
      23
      26
      27
      33
      28
      47
     119
     330
     702
    1041
    1192
     824
     465
     212
      57
      24
      16
      18
      19
      19
      20
      23
      10
      27
      22
      23
      23
      27
      34
      31
      25
      23
      21
      21
      25
      27
      16
      14
      19
      29
      12
      27
      24
      21
      22
      21
      19
      23
      23
      25
      19
      20
      13
      20
      19
      18
      29
      16
      21
      17
      23
      15
      22
      22
      22
      27
      33
      46
      55
      46
      31
      23
      22
      12
      19
      23
      17
      16
      22
      17
      24
      23
      16
      11
      22
      26
      17
      22
      12
      16
      19
      19
      19
      18
      17
      17
      23
      28
      21
      14
      23
      11
      21
      17
      32
      28
      19
      20
      11
      14
      18
      17
      22
      12
      20
      23
      21
      10
      22
      23
      19
      13
      17
      19
      25
      26
      13
      20
      16
      13
      20
      22
      16
      24
      11
      14
      21
      13
      17
      22
      17
      23
      23
      13
      16
      22
      15
      16
      13
      18
      17
      16
      24
      21
      25
      20
      16
      20
      19
      25
      23
      23
      19
      13
      22
      22
      22
      19
      13
      18
      14
      27
      33
      35
      77
      83
      94
      71
      40
      31
      14
      21
      16
      20
      12
      25
      22
      13
      15
      32
      21
      17
      15
      19
       9
      17
      19
      17
      16
      16
      24
      18
      20
      10
      21
      18
      14
      19
      14
      16
      21
      15
      18
      17
      23
      11
      21
      19
      17
      25
      14
      15
      11
      20
      20
      13
      19
      11
      15
      26
      22
      16
      17
      22
      12
       9
      18
      21
      22
      16
      17
      19
      17
      16
      12
      23
      14
      21
      10
      18
      13
      12
      16
      27
      41
      68
     100
     112
      89
      76
      28
      27
      19
      18
      11
      13
      13
      15
      10
      14
      24
      14
      17
      16
      15
      12
      14
      19
      16
      19
      14
      26
      15
      14
      12
      23
      19
      22
      17
      11
      19
      21
      19
      16
      14
      12
      19
      18
      11
      18
      11
      14
      20
      21
      16
      15
      20
      15
      14
      19
      12
      14
      16
      19
      13
      22
      18
      13
      19
      16
      15
      16
      24
      21
      11
      14
      20
      21
      18
      14
      12
      12
      20
      20
      21
      16
      22
      14
      18
       8
      13
      16
      12
      15
      17
      14
      13
      10
      20
      12
      13
      17
      14
      16
      10
      13
      14
      19
      19
      17
      13
      12
      16
      19
      17
      23
      29
      19
      29
      16
      19
      12
      23
      13
      13
      17
      19
      14
      17
      13
      20
      13
      22
      12
      15
      13
      15
      12
      19
      19
      21
      12
      19
      15
      28
      15
      21
       9
      17
      18
      15
      20
      15
      19
      16
      18
      17
      18
      15
      15
      17
      17
      21
      12
      17
      17
      16
      16
      19
      15
      20
      24
      21
      31
      28
      17
      15
      31
      23
      18
      15
      13
      20
      16
      13
      27
      11
      15
      23
      22
      12
      26
      10
      15
      20
      23
      18
      20
      14
       9
      17
      15
      10
       9
      14
      16
      12
      26
      20
      17
      14
      15
      26
      18
      10
      11
      23
      22
      13
      15
      16
      17
      11
      12
      21
      16
      24
      18
      21
      20
      15
      18
      13
      20
      17
      12
      17
      15
      24
      14
      16
      21
      10
      15
      15
      13
      18
      19
      15
      14
      13
      13
      14
      12
      20
      14
      17
      16
      19
      12
      17
      19
      23
      13
      15
      18
      17
      16
      14
      11
      15
      17
      17
      10
      16
      14
      11
      10
      17
      15
      16
      13
      13
      19
      21
      16
      17
      19
      19
      17
      16
      13
      15
      13
      19
      21
      13
      13
      18
      15
      22
      19
      17
      22
      29
      31
      24
      22
      26
      28
      12
      14
      21
      13
      11
       8
      14
      21
      18
      18
      21
      13
      12
      16
      14
      24
      23
      19
      28
      12
      16
      15
      15
      15
      20
      13
      18
      10
      22
      16
      16
      20
      13
      13
      19
      18
      20
      16
      20
      23
      16
      24
      23
      23
      18
      23
      29
      24
      26
      20
      27
      19
      23
      20
      14
      13
      14
       6
      19
      11
       5
      17
       9
      13
      16
      14
      17
      16
      14
      12
      15
      12
      14
       9
      14
      13
      10
      12
      12
      13
      19
      13
      17
      19
       7
       9
      15
      19
      13
      19
      13
      18
      13
      12
      11
      13
      12
       9
      18
      12
      11
      10
      17
      15
      27
      16
      18
      17
      24
      22
      13
      16
      13
      15
      21
       7
      12
       6
      25
      11
      20
      11
      16
      13
      10
      12
      11
      17
      17
      15
      15
      10
      13
      21
      13
       6
       6
      12
      13
      12
      16
      15
      19
      14
      13
      14
      16
       9
      14
      16
      13
      15
      17
      18
      12
      14
      10
      17
      14
      12
      12
      16
       4
      14
      21
      16
      14
      18
      13
      16
      14
      19
       6
      15
       9
       7
      21
      17
      16
      11
      10
      11
      15
      11
      13
       7
      17
      24
      14
      10
      18
      15
       9
       8
      15
      16
      12
      12
      11
      23
      16
      16
      11
      22
      18
      12
      15
      17
      12
      12
       7
      10
      12
      14
       6
       8
      16
      12
      11
      10
       8
      11
      16
      12
      22
      22
      15
      12
      16
      12
       8
      14
      19
      14
      21
      16
      11
      13
      13
      11
      10
      16
      18
      13
       8
       8
      14
      17
      10
      16
      17
      12
      11
      13
      11
      11
      12
       9
      14
      13
      15
      13
      10
      18
      12
      21
      13
       7
       9
      16
       9
      16
       9
      11
      11
      25
      17
      18
      22
      24
      13
      15
      14
      20
       9
      17
       5
      16
       9
      13
      12
      15
      13
       9
      14
      13
      12
      17
      14
      11
      12
      17
      20
      26
      22
      23
      24
      17
      16
      11
      16
      12
       8
       6
      14
      13
      15
      11
       9
      13
      16
      17
       9
      16
      13
      12
      10
      14
      17
      13
      18
       9
      22
      10
      12
      13
      12
      17
      14
       5
      17
      14
       7
      10
      13
      10
       9
      10
      16
       6
      16
       8
      11
      17
      10
      11
      12
       9
      14
      12
      16
      16
      13
      11
      18
       9
      14
      16
      15
      14
      15
      18
      12
      18
       9
      18
       9
      16
      31
      17
      18
      22
      19
      12
      13
      18
      13
      18
      14
      11
      14
      18
      15
      11
      12
      12
      12
      10
      22
      12
      10
      18
       7
      12
      14
      14
       6
      15
      13
      13
      18
      12
      10
      17
       6
      13
      13
      10
      14
      13
      10
      12
      15
      16
      15
      16
      16
       8
      11
      16
       6
      10
      12
      14
      13
      20
      18
      16
      13
      13
      15
      13
      12
       7
      13
      14
      19
      18
       9
      16
       9
      13
       7
      17
       9
      14
      17
      11
      18
      16
      13
      10
       8
      19
      14
      15
      10
      17
      13
      14
       9
      16
      11
      10
      12
      18
      13
      14
      14
       9
      12
      10
      14
      14
      15
       9
      12
       6
       9
      16
      12
      12
      12
      18
      21
      10
      19
      13
       9
      19
      14
      12
      22
       8
      20
      11
      11
       8
      16
      16
       9
      15
      18
      15
      11
      13
      22
      13
      16
      13
      13
      16
      36
      33
      67
     104
     141
     146
     144
     138
     114
      85
      43
      21
      18
      18
      11
       9
       8
       6
      10
       7
      13
       9
      15
       7
      11
       7
      10
       8
      12
       6
      13
       8
       8
      10
       9
      10
       6
       8
       5
       9
      10
      10
      12
       7
      11
      15
       6
      17
      20
       8
      12
      11
       6
      10
      15
      12
       6
       6
       7
      13
       6
       8
      15
      10
      11
      13
      16
      10
       8
       7
      18
      10
      12
       9
      10
       8
      11
       7
      14
      14
       8
      13
       8
      13
      20
      13
      21
      10
      10
      12
      16
       8
       4
      13
      14
       7
      16
       8
      11
       9
      16
       6
       6
       8
      11
      16
       7
      12
      11
      12
      13
       8
      12
       7
       8
      10
      11
      15
      11
       9
      11
      14
       9
      10
       9
      11
      13
      12
       8
       8
      10
       9
      12
      12
      11
      13
      11
      10
      10
      14
      10
      10
       8
      11
       9
      14
      11
       8
       9
      13
      11
      13
      16
      10
      18
      16
      11
      16
       7
      16
      20
      17
      13
      13
       7
      10
       7
       9
      10
       8
      18
       8
      10
      10
      12
      13
      17
      12
       5
       9
       8
      12
       7
      10
      11
      13
       5
      12
       8
      12
      14
      10
      10
       9
       9
      12
       7
      13
       7
      13
      14
      16
      11
      10
      11
      10
      10
      18
      10
       6
       7
       9
       7
      10
      12
      14
      15
      10
      12
      13
      18
      24
      27
      49
      58
      40
      52
      41
      50
      40
      16
       9
      13
      11
      11
      12
       6
      10
      19
      13
      13
      13
      11
       7
       9
      10
      10
       9
      11
      12
       8
      10
       8
      17
      10
      14
       9
      18
       9
       8
      11
      11
      16
      11
      12
      11
      12
       7
       7
      14
      10
      12
       7
      10
      14
       9
      10
      15
       4
      10
      12
      11
       8
       9
      11
      12
      10
       9
       8
       9
      10
      10
       7
       7
       6
      10
       5
       6
      11
       9
      11
       8
       9
       9
      10
      12
      10
       5
       9
      13
      10
      15
      10
      13
       7
      12
       7
       6
       9
       8
       5
       4
      11
       8
      11
       7
       6
       6
       4
       1
      10
       9
       9
      12
       7
      14
       5
      13
       9
       6
      10
       2
       9
       4
      12
       6
       7
       6
      10
      12
       8
       7
       5
      10
       9
      10
      12
       7
       6
       9
      10
       4
       4
       3
       7
       6
       8
       7
       7
      10
      12
      10
      11
       9
       9
       5
      12
       5
       9
      10
       9
       8
       4
       5
       6
       3
       9
       4
       6
      10
       8
       4
      13
       7
       3
       7
       9
      12
       9
       6
       9
       6
       7
      11
       5
       8
       9
      11
       9
      10
       5
       9
       6
       9
       9
       8
       4
      11
       7
       7
       8
      11
       5
       4
       9
       2
       6
       3
       8
       3
       6
      14
       4
       5
       7
       2
       9
       8
       5
       6
       9
       8
       7
       1
       9
       5
       4
      10
       4
       5
      12
      11
      10
      10
      10
       8
      11
      11
      26
      19
      40
      57
      81
     106
     102
     119
     131
     113
      99
      60
      33
      22
       7
       8
       8
      12
       7
       8
      14
       3
       5
       8
       7
       4
       8
       7
       8
       5
       6
       5
       7
       8
       7
       6
       7
       6
       4
       6
       4
       9
       7
       5
       8
       8
       2
       5
       2
       9
       5
       2
       8
       4
       5
       3
       5
       3
       4
       6
       5
       6
       8
       2
       6
       4
       3
       4
       5
       6
       5
       6
       4
      10
       5
       8
       6
       5
       4
       4
       7
       7
       1
       4
       6
       3
       8
       6
      10
       9
       8
       6
       8
       4
       7
       3
       2
       7
       6
       4
       2
       6
       9
      10
       6
       6
       8
      11
      11
      13
      16
       8
       6
       7
      14
       9
       5
       2
       3
      10
       5
       2
       3
       6
       2
       2
       5
       5
       3
       2
       5
       5
       6
       3
       5
       7
       5
       4
       6
       4
       3
       6
       7
       7
       5
       8
       8
       3
       4
       5
       2
       7
       5
       6
       5
       7
       5
       6
       7
       2
       4
       3
       5
       3
       7
       5
       6
      10
       5
       5
       3
       5
       6
       6
       8
       5
       5
       5
       7
       7
       6
       4
       5
       5
       3
       8
       6
       9
       4
       4
       7
       6
       2
       4
       2
       4
       3
       4
       5
       4
       4
       4
       5
       3
       0
       9
       8
       4
       5
       8
       8
       3
       5
       9
       7
       4
       2
       9
       4
       3
       8
       6
       5
       4
       1
       7
       3
       5
       5
       8
       8
       4
       7
       3
       5
       5
       4
       4
       1
       5
       5
       8
       9
       2
       4
       3
       4
       8
       7
       7
       5
       5
       8
       7
       7
       7
       4
       9
       8
       4
       2
       3
       2
       5
       6
       4
       2
       4
       4
       4
       4
       4
      10
       7
       4
       2
       3
       3
      10
       6
       3
       5
       1
       6
       6
       1
       4
       6
       1
       6
       3
       4
       4
       5
       2
       5
       7
       5
       8
       4
       6
      10
      13
      16
      37
      40
      44
      72
      73
      58
      79
      78
      49
      50
      29
      31
      14
      29
      21
      12
      18
      16
      11
      11
       8
      16
       4
       9
       3
       2
       7
       7
       5
       2
       4
       7
      11
       7
       2
       2
       4
       9
       2
       6
       2
       7
       4
       6
       3
       5
       6
       3
       5
       8
       6
       4
       4
       5
       4
       7
       7
       6
       3
       9
       7
      15
      14
      26
      26
      37
      45
      52
      92
      86
      98
      95
      72
      63
      56
      48
      15
      11
      10
       4
       0
       3
       7
       6
       5
       5
      10
       5
      10
       4
       6
       3
       5
       6
       6
       8
       6
      12
       2
       3
       7
       2
       5
       4
       3
       7
       7
       6
       7
       3
       4
       5
       3
       7
       8
       9
       8
       1
       3
       3
       7
       7
       5
       7
       4
       7
       6
       7
       5
       8
       6
       8
       3
       1
       7
       2
       3
       7
       2
       8
       8
       5
       3
       5
       4
       5
       1
      10
       6
       3
       7
       6
       7
       3
       6
       7
       5
       6
       4
       8
       6
       3
       7
       4
       6
       5
       4
       7
       8
       5
       8
       4
       5
       4
       7
       4
      11
       6
       6
      10
       6
       1
       5
       1
       4
       3
      11
       6
       6
       5
       3
       2
       5
       5
       3
       7
       7
       5
       5
       3
       8
       3
       4
       5
       3
      12
       7
       4
       7
       6
       5
       4
       5
       9
       6
       5
      11
       8
       4
       9
       7
       8
       4
       4
       2
       6
       6
       9
      11
      10
       4
       7
       1
       7
       6
      10
       8
       5
       7
       3
       5
       9
       9
       6
       7
       2
       8
       6
       6
       3
       1
       9
       4
       8
      10
       4
       4
       7
       6
       2
       5
       3
       2
       5
       2
       3
       3
       3
       7
       5
       5
       6
       3
       3
       4
       4
       6
       1
       7
       3
       8
       6
       2
       5
       2
       6
       8
       6
       3
       4
       5
       3
       5
       6
       6
       3
       5
       6
       4
       1
       4
       4
       4
       3
       3
       5
       5
       4
       7
       4
       4
       0
       6
       1
       5
       7
      11
       8
       7
       9
       9
      12
      10
       8
      19
       6
       8
       0
       4
       5
       2
       8
       2
       0
       3
       4
       2
       2
       2
       6
       5
       2
       1
       2
       3
       1
       2
       5
       3
       2
       3
       2
       4
       6
       1
       5
       2
       2
       7
       2
       3
       4
       7
       3
       0
      11
       3
       5
       2
       6
       5
       1
       5
       7
       2
       1
       1
       2
       2
       2
       3
       2
       4
       7
       4
       6
       6
       2
       5
       5
       4
       4
       4
       4
       1
       1
       1
       3
       6
       5
       2
       4
       2
       5
       2
       3
       2
       3
       5
       3
       7
       0
       3
       4
       2
       8
       1
       3
       5
       3
       4
       1
       5
       4
       1
       1
       3
       3
       3
       1
       1
       5
       4
       3
       3
       1
       6
       4
       4
       0
       1
       1
       5
       6
       1
       3
       2
       1
       1
       3
       1
       4
       1
       3
       0
       2
       4
       0
       2
       2
       3
       2
       2
       2
       1
       3
       0
       6
       1
       2
       2
       2
       5
       3
       5
       3
       2
       2
       6
       3
       3
       3
       1
       2
       4
       3
       2
       2
       1
       1
       3
       3
       4
       2
       0
       3
       2
       1
       3
       2
       1
       5
       4
       2
       2
       0
       4
       4
       2
       2
       2
       3
       1
       0
       2
       4
       2
       0
       1
       3
       3
       2
       5
       3
       0
       1
       3
       3
       4
       2
       5
       5
       6
       6
      11
       8
       9
      14
       5
       2
       2
       2
       2
       2
       4
       1
       1
       0
       0
       3
       2
       2
       0
       3
       1
       0
       0
       1
       2
       2
       0
       2
       2
       0
       0
       1
       0
       1
       1
       0
       2
       2
       1
       2
       1
       2
       2
       1
       0
       2
       1
       3
       0
       0
       0
       2
       1
       1
       1
       2
       0
       2
       1
       0
       0
       0
       2
       0
       1
       1
       1
       2
       1
       1
       1
       3
       3
       1
       1
       3
       1
       1
       4
       0
       0
       1
       1
       0
       1
       1
       1
       1
       0
       0
       2
       1
       1
       2
       0
       1
       0
       1
       3
       1
       0
       0
       1
       1
       1
       1
       1
       1
       2
       1
       0
       2
       0
       0
       2
       0
       0
       3
       1
       0
       1
       0
       0
       0
       0
       0
       2
       0
       2
       0
       2
       1
       4
       2
       1
       0
       1
       2
       3
       1
       0
       1
       0
       1
       1
       0
       2
       2
       1
       1
       2
       0
       1
       0
       0
       2
       0
       0
       1
       1
       0
       2
       1
       2
       0
       0
       1
       1
       0
       0
       3
       0
       1
       0
       3
       1
       1
       2
       0
       3
       1
       1
       1
       2
       1
       3
       0
       0
       0
       1
       0
       0
       1
       2
       6
       1
       2
       2
       3
       0
       1
       2
       0
       2
       1
       0
       3
       2
       0
       2
       0
       1
       0
       0
       0
       0
       0
       0
       1
       0
       0
       0
       1
       0
       0
       0
       1
       2
       1
       1
       0
       0
       0
       1
       1
       1
       1
       0
       0
       2
       1
       3
       0
       1
       0
       0
       3
       0
       0
       0
       3
       0
       2
       2
       1
       2
       2
       1
       3
       5
      10
       6
       7
      23
      25
      28
      42
      57
      77
      73
      86
      90
      88
      85
      75
      41
      31
      23
       7
       4
       4
       1
       1
       1
       1
       1
       1
       0
       0
       1
       2
       1
       0
       0
       0
       1
       0
       0
       3
       1
       0
       1
       5
       0
       1
       2
       1
       0
       0
       2
       0
       0
       0
       0
       0
       0
       0
       1
       0
       1
       2
       0
       0
       1
       0
       1
       1
       0
       0
       2
       0
       2
       1
       0
       0
       0
       1
       0
       0
       1
       1
       0
       0
       1
       1
       0
       0
       0
       1
       2
       0
       1
       0
       0
       2
       0
       0
       0
       1
       2
       0
       1
       1
       0
       0
       0
       0
       1
       0
       0
       1
       1
       0
       0
       0
       1
       2
       0
       1
       0
       1
       1
       0
       1
       0
       2
       0
       0
       3
       3
       2
       3
       3
       6
       4
       9
       6
       8
      11
       9
       7
      11
      18
      10
      10
       8
      16
       6
       2
       7
       1
       0
       0
       0
       0
       1
       0
       1
       0
       0
       1
       0
       0
       0
       0
       1
       2
       0
       0
       0
       0
       1
       2
       0
       0
       0
       0
       0
       0
       0
       1
       0
       0
       0
       0
       1
       0
       0
       1
       2
       0
       0
       2
       0
       0
       1
       0
       0
       0
       0
       0
       1
       0
       1
       0
       0
       0
       1
       1
       0
       0
       0
       1
       0
       0
       1
       1
       1
       0
       1
       0
       0
       0
       0
       1
       0
       0
       0
       0
       0
       0
       0
       1
       0
       0
       0
       1
       0
       0
       0
       1
       0
       2
       1
       0
       0
       2
       0
       0
       0
       0
       1
       1
       0
       2
       1
       0
       0
       0
       1
       2
       2
       1
       1
       2
       0
       1
       0
       1
       1
       0
       0
       1
       0
       1
       1
       1
       3
       0
       1
       0
       0
       1
       0
       0
       0
       0
       0
       0
       2
       0
       1
       0
       1
       0
       1
       1
       1
       1
       1
       1
       2
       1
       2
       0
       2
       0
       2
       1
       3
       2
       0
       0
       0
       2
       0
       0
       1
       1
       0
       0
       1
       0
       1
       0
       0
       1
       0
       1
       0
       0
       0
       1
       1
       0
       0
       1
       1
       1
       0
       0
       0
       0
       0
       0
       0
       1
       1
       0
       0
       1
       0
       0
       1
       1
       0
       0
       0
       0
       1
       0
       1
       0
       0
       0
       0
       0
       1
       0
       0
       1
       0
       1
       0
       0
       0
       0
       0
       0
       0
       1
       0
       0
       0
       1
       1
       1
       1
       0
       1
       0
       0
       0
       1
       0
       0
       1
       0
       0
       0
       0
       1
       1
       0
       1
       0
       0
       2
       1
       0
       0
       0
       0
       0
       1
       0
       0
       0
       1
       1
       0
       3
       1
       0
       0
       0
       0
       2
       0
       0
       0
       0
       0
       0
       0
       0
       0
       0
       0
       1
       1
       0
       0
       2
       0
       0
       2
       0
       1
       0
       1
       0
       0
       0
       3
       1
       1
       1
       0
       1
       1
       0
       1
       0
       0
       1
       1
       2
       3
       1
       0
       2
       2
       1
       1
       0
       0
       0
       0
       0
       0
       1
       0
       1
       0
       0
       0
       0
       1
       0
       1
       0
       1
       0
       1
       1
       0
       0
       0
       0
       1
       0
       1
       1
       0
       0
       1
       0
       0
       0
       0
       0
       0
       0
       0
       0
       0
       0
       1
       0
       1
       1
       0
       1
       1
       0
       0
       0
       1
       0
       0
       1
       1
       1
       1
       1
       2
       0
       1
       0
       1
       3
       0
       0
       0
       0
       0
       1
       0
       0
       1
       1
       1
       0
       0
       0
       0
       0
       0
       0
       0
       0
       0
       0
       0
       2
       0
       0
       0
       0
       0
       0
       2
       0
       0
       0
       1
       0
       0
       1
       1
       0
       0
       0
       0
       0
       2
       0
       0
       0
       0
       0
       0
       0
       1
       0
       0
       0
       0
       0
       2
       0
       0
       0
       1
       0
       1
       0
       0
       0
       0
       0
       0
       0
       0
       0
       0
       0
       2
       0
       0
       0
       0
       0
       0
       1
       1
       0
       1
       0
       0
       0
       1
       0
       0
       0
       0
       0
       0
       0
       3
       0
       0
       1
       0
       0
       0
       0
       0
       1
       1
       0
       0
       0
       0
       0
       1
       1
       0
       0
       0
       0
       0
       1
       0
       0
       0
       0
       0
       0
       0
       0
       0
       0
       0
       0
       1
       0
       1
       0
       1
       0
       0
       0
       0
       2
       0
       0
       0
       0
       0
       1
       1
       0
       0
       1
       0
       0
       0
       0
       0
       0
       0
       1
       0
       0
       1
       0
       0
       0
       1
       0
       1
       1
       1
       1
       0
       1
       1
       0
       0
       0
       0
       2
       0
       0
       0
       0
       1
       1
       0
       0
       0
       1
       0
       0
       0
       0
       0
       0
       0
       0
       1
       0
       0
       0
       0
       0
       0
       0
       0
       0
       0
       0
       0
       0
       1
       0
       0
       0
       0
       0
       0
       1
       0
       1
       0
       0
       0
       0
       0
       1
       0
       0
       1
       0
       0
       0
       0
       0
       0
       0
       0
       1
       0
       0
       1
       0
       1
       1
       0
       0
       0
       1
       0
       0
       0
       0
       0
       0
       0
       0
       1
       0
       0
       0
       0
       0
       0
       1
       0
       1
       0
       2
       1
       2
       0
       0
       0
       0
       1
       0
       1
       0
       1
       0
       1
       1
       1
       1
       0
       0
       0
       0
       0
       0
       0
       1
       0
       0
       1
       0
       0
       0
       0
       0
       0
       0
       1
       0
       0
       0
       0
       1
       0
       0
       1
       0
       0
       0
       0
       0
       0
       0
       0
       0
       0
       1
       0
       0
       0
       0
       0
       1
       0
       1
       0
       0
       0
       0
       1
       0
       2
       0
       2
       0
       3
       0
       0
       1
       4
       2
       3
       2
       1
       1
       4
       2
       2
       6
       3
       0
       0
       0
       0
       0
       0
       0
       0
       0
       0
       0
       1
       0
       0
       1
       0
       0
       0
       0
       0
       1
       0
       1
       0
       0
       1
       0
       0
       0
       2
       0
       0
       0
       1
       0
       0
       0
       0
       1
       0
       1
       0
       0
       0
       0
       0
       0
       0
       0
       0
       0
       0
       0
       0
       2
       0
       0
       0
       0
       0
       0
       0
       1
       0
       0
       1
       0
       0
       1
       0
       0
       0
       0
       0
       0
       0
       0
       1
       0
       1
       0
       0
       0
       0
       1
       1
       0
       0
       0
       0
       0
       0
       0
       0
       0
       1
       0
       0
       1
       0
       0
       0
       1
       0
       0
       0
       0
       1
       0
       0
       0
       1
       0
       1
       0
       0
       0
       0
       0
       0
       0
       0
       0
       0
       0
       1
       0
       0
       0
       1
       0
       0
       0
       0
       0
       1
       1
       0
       0
       0
       0
       0
       0
       0
       0
       0
       0
       1
       1
       0
       0
       0
       0
       0
       1
       0
       0
       0
       0
       0
       0
       0
       0
       0
       0
       0
       0
       0
       0
       0
       1
       0
       1
       0
       2
       1
       0
       0
       0
       0
       1
       1
       0
       0
       0
       0
       0
       0
       0
       1
       0
       0
       0
       0
       0
       0
       0
       1
       1
       0
       0
       0
       1
       2
       2
       0
       0
       0
       0
       0
       0
       0
       1
       1
       1
       0
       0
       0
       0
       1
       0
       0
       0
       0
       0
       0
       0
       1
       1
       0
       0
       2
       0
       0
       0
       0
       0
       1
       0
       0
       0
       1
       0
       0
       1
       0
       0
       1
       0
       1
       0
       1
       0
       1
       0
       1
       0
       0
       0
       0
       1
       0
       0
       0
       0
       0
       1
       0
       0
       0
       0
       1
       0
       0
       0
       0
       0
       0
       0
       0
       0
       0
       1
       0
       0
       0
       0
       0
       0
       0
       0
       1
       0
       1
       1
       0
       0
       0
       0
       0
       0
       1
       0
       0
       0
       0
       0
       0
       0
       0
       0
       1
       0
       1
       0
       0
       0
       0
       0
       0
       0
       0
       0
       0
       0
       0
       1
       0
       1
       0
       0
       0
       0
       1
       0
       1
       0
       0
       0
       1
       0
       0
       0
       0
       0
       0
       0
       0
       0
       2
       0
       2
       0
       0
       0
       0
       2
       1
       0
       0
       0
       1
       0
       0
       2
       0
       0
       0
       0
       1
       0
       0
       0
       1
       0
       1
       0
       0
       0
       0
       0
       0
       0
       0
       0
       1
       1
       0
       2
       0
       0
       1
       0
       0
       0
       0
       0
       0
       0
       0
       0
       0
       0
       0
       0
       0
       0
       0
       0
       0
       0
       0
       0
       0
       0
       0
       0
       0
       0
       0
       0
       0
       0
       0
       2
       0
       0
       0
       1
       0
       0
       0
       0
       0
       0
       1
       0
       0
       1
       0
       0
       1
       0
       0
       1
       0
       0
       1
       0
       0
       0
       0
       0
       0
       0
       0
       0
       0
       0
       0
       1
       0
       0
       1
       2
       1
       0
       0
       0
       0
       0
       1
       0
       0
       2
       0
       0
       0
       0
       0
       0
       0
       0
       1
       1
       0
       0
       0
       0
       0
       0
       0
       0
       0
       0
       1
       0
       0
       0
       0
       0
       0
       0
       1
       0
       0
       0
       0
       0
       0
       1
       0
       0
       0
       0
       0
       1
       0
       0
       0
       0
       0
       0
       0
       1
       1
       1
       1
       0
       0
       0
       0
       0
       0
       0
       0
       0
       0
       0
       0
       0
       0
       0
       0
       0
       1
       0
       0
       1
       0
       0
       0
       1
       0
       0
       1
       0
       0
       0
       0
       0
       0
       1
       0
       0
       0
       0
       0
       1
       0
       0
       0
       1
       0
       0
       0
       0
       0
       0
       1
       0
       0
       0
       0
       1
       0
       0
       0
       0
       0
       0
       1
       0
       0
       0
       0
       0
       1
       0
       1
       0
       0
       1
       0
       1
       0
       0
       0
       0
       0
       0
       0
       0
       0
       2
       0
       0
       0
       1
       0
       0
       1
       0
       0
       0
       1
       0
       0
       0
       0
       0
       0
       1
       0
       0
       0
       0
       0
       0
       0
       1
       0
       0
       0
       0
       1
       0
       0
       0
       0
       0
       0
       0
       0
       1
       0
       0
       0
       1
       0
       1
       2
       0
       0
       0
       0
       0
       0
       0
       0
       1
       0
       0
       0
       1
       0
       0
       0
       0
       0
       0
       0
       1
       0
       0
       0
       0
       0
       0
       0
       1
       0
       0
       0
       0
       0
       0
       0
       0
       0
       0
       1
       0
       0
       0
       0
       0
       0
       0
       0
       0
       0
       0
       0
       2
       0
       0
       0
       0
       0
       0
       0
       0
       0
       0
       0
       0
       0
       0
       0
       0
       0
       0
       0
       0
       0
       0
       0
       0
       0
       0
       1
       0
       0
       0
       0
       0
       1
       1
       0
       0
       0
       0
       0
       0
       0
       1
       0
       0
       0
       0
       0
       0
       0
       0
       1
       0
       0
       0
       1
       1
       0
       0
       0
       0
       0
       0
       0
       0
       0
       1
       0
       0
       0
       0
       0
       0
       0
       0
       0
       0
       0
       0
       0
       0
       1
       0
       0
       0
       0
       0
       0
       0
       0
       0
       0
       2
       0
       0
       0
       0
       0
       0
       1
       1
       0
       0
       0
       0
       0
       0
       0
       0
       0
       0
       0
       0
       0
       0
       0
       0
       2
       1
       1
       0
       0
       1
       1
       0
       0
       1
       0
       1
       0
       0
       0
       0
       0
       2
       1
       0
       0
       0
       0
       0
       0
       0
       0
       0
       1
       0
       0
       1
       1
       0
       0
       0
       1
       0
       0
       0
       0
       1
       0
       0
       0
       0
       1
       0
       0
       0
       0
       1
       0
       0
       0
       0
       0
       0
       0
       0
       1
       0
       1
       0
       0
       0
       0
       1
       1
       0
       0
       0
       0
       0
       1
       1
       0
       0
       0
       0
       0
       0
       1
       1
       0
       0
       0
       0
       0
       0
       0
       0
       0
       0
       0
       0
       1
       0
       0
       0
       0
       0
       0
       1
       1
       0
       0
       0
       1
       1
       0
       0
       0
       0
       0
       1
       0
       0
       0
       1
       0
       0
       0
       0
       0
       0
       0
       0
       1
       0
       0
       0
       0
       0
       0
       0
       0
       0
       0
       1
       0
       0
       0
       0
       1
       0
       0
       0
       0
       0
       0
       0
       0
       1
       0
       0
       0
       0
       0
       1
       0
       0
       0
       0
       0
       0
       0
       0
       1
       1
       0
       0
       0
       0
       0
       0
       0
       0
       0
       0
       0
       1
       1
       1
       0
       0
       0
       0
       0
       0
       0
       1
       0
       0
       1
       0
       0
       0
       0
       0
       0
       0
       0
       0
       0
       0
       0
       1
       0
       2
       0
       0
       0
       0
       0
       0
       0
       0
       0
       0
       0
       0
       0
       0
       0
       0
       0
       0
       1
       1
       0
       1
       0
       0
       0
       1
       0
       0
       0
       0
       0
       0
       1
       0
       0
       0
       0
       0
       0
       1
       1
       1
       0
       0
       2
       1
       0
       1
       2
       0
       1
       0
       0
       1
       0
       0
       0
       0
       0
       0
       0
       1
       0
       0
       0
       0
       0
       0
       1
       0
       0
       2
       0
       0
       1
       0
       1
       0
       0
       0
       0
       0
       0
       0
       0
       0
       0
       0
       0
       0
       0
       0
       0
       0
       0
       0
       0
       0
       0
       0
       0
       0
       0
       0
       1
       0
       0
       2
       0
       0
       0
       0
       0
       0
       0
       0
       0
       0
       0
       0
       0
       0
       0
       0
       0
       0
       0
       0
       0
       0
       0
       0
       0
       0
       0
       0
       1
       0
       0
       0
       0
       3
       0
       0
       0
       0
       0
       0
       0
       0
       0
       1
       1
       0
       1
       0
       0
       0
       1
       1
       0
       0
       1
       0
       0
       2
       0
       0
       0
       1
       0
       0
       0
       0
       0
       0
       0
       0
       0
       0
       0
       0
       0
       1
       0
       0
       0
       0
       0
       0
       0
       0
       0
       1
       0
       0
       0
       0
       0
       0
       0
       0
       0
       0
       0
       0
       0
       1
       0
       0
       0
       1
       0
       0
       1
       0
       0
       0
       0
       0
       0
       0
       0
       0
       0
       0
       0
       1
       0
       0
       0
       0
       1
       0
       0
       0
       0
       0
       0
       0
       0
       1
       1
       0
       1
       0
       0
       0
       1
       0
       0
       0
       0
       0
       1
       0
       0
       0
       0
       2
       0
       1
       0
       0
       0
       0
       0
       1
       0
       0
       0
       0
       0
       0
       0
       0
       0
       0
       0
       0
       0
       1
       1
       0
       0
       0
       0
       1
       0
       1
       1
       0
       0
       0
       0
       0
       0
       0
       0
       0
       1
       1
       0
       1
       0
       0
       0
       0
       0
       0
       0
       0
       0
       0
       0
       0
       0
       0
       0
       1
       0
       0
       0
       0
       0
       0
       0
       0
       0
       0
       0
       1
       0
       1
       0
       0
       0
       0
       0
       0
       0
       1
       0
       0
       0
       1
       0
       0
       0
       0
       0
       0
       0
       0
       0
       0
       1
       0
       0
       0
       0
       0
       1
       0
       0
       1
       0
       1
       0
       0
       0
       0
       0
       0
       0
       0
       0
       0
       0
       0
       0
       1
       0
       1
       0
       0
       0
       0
       1
       0
       1
       0
       0
       1
       0
       0
       0
       0
       0
       0
       0
       0
       0
       1
       2
       0
       0
       1
       1
       0
       0
       0
       1
       0
       0
       1
       0
       0
       1
       0
       0
       0
       1
       0
       1
       0
       0
       1
       0
       0
       0
       0
       0
       0
       1
       0
       0
       0
       1
       0
       0
       0
       0
       0
       0
       0
       0
       0
       0
       0
       0
       0
       0
       0
       0
       0
       2
       0
       0
       0
       0
       0
       0
       0
       0
       0
       0
       0
       1
       0
       0
       1
       0
       0
       0
       0
       0
       0
       1
       0
       0
       0
       0
       0
       0
       0
       1
       0
       0
       0
       0
       0
       1
       0
       0
       0
       1
       0
       0
       0
       0
       0
       0
       0
       0
       0
       1
       0
       0
       0
       0
       0
       0
       0
       2
       0
       0
       0
       0
       1
       0
       0
       0
       1
       0
       0
       0
       0
       0
       0
       0
       1
       0
       0
       1
       0
       0
       0
       0
       0
       0
       0
       0
       0
       1
       0
       0
       0
       0
       0
       1
       0
       0
       0
       0
       0
       0
       0
       0
       0
       0
       0
       0
       0
       0
       0
       0
       0
       0
       0
       0
       0
       0
       0
       0
       0
       0
       0
       0
       0
       0
       0
       0
       0
       0
       0
       0
       0
       1
       0
       0
       0
       0
       0
       0
       0
       0
       0
       0
       0
       0
       0
       0
       0
       0
       1
       0
       0
       0
       0
       0
       0
       0
       0
       1
       0
       0
       0
       0
       0
       0
       0
       0
       0
       1
       0
       0
       0
       0
       0
       0
       0
       0
       0
       0
       0
       0
       0
       0
       0
       0
       0
       0
       1
       0
       0
       0
       0
       1
       0
       0
       0
       1
       0
       0
       0
       0
       0
       0
       1
       1
       0
       0
       0
       0
       0
       0
       0
       0
       0
       0
       0
       0
       0
       0
       0
       0
       0
       1
       0
       0
       0
       0
       0
       0
       0
       0
       0
       1
       0
       0
       0
       0
       0
       1
       0
       0
       0
       1
       0
       0
       1
       0
       1
       0
       0
       0
       0
       0
       0
       0
       0
       0
       0
       0
       0
       0
       0
       1
       0
       0
       0
       0
       0
       0
       0
       1
       0
       0
       0
       0
       0
       1
       1
       0
       0
       0
       0
       0
       0
       0
       0
       0
       0
       0
       0
       0
       0
       0
       0
       1
       0
       0
       0
       0
       0
       0
       0
       1
       0
       0
       0
       0
       0
       0
       0
       0
       0
       1
       0
       0
       0
       0
       0
       0
       0
       0
       0
       0
       0
       0
       0
       0
       0
       0
       0
       0
       0
       1
       0
       0
       1
       0
       0
       0
       0
       0
       0
       0
       0
       0
       0
       0
       0
       0
       0
       0
       0
       0
       0
       0
       0
       0
       0
       0
       1
       0
       0
       0
       0
       0
       0
       0
       0
       0
       0
       0
       0
       0
       0
       0
       0
       0
       0
       0
       0
       0
       0
       0
       0
       0
       0
       0
       0
       0
       0
       0
       0
       0
       0
       0
       0
       0
       0
       0
       0
       1
       0
       0
       0
       0
       1
       0
       0
       0
       0
       0
       0
       0
       0
       0
       0
       0
       0
       0
       0
       0
       0
       0
       0
       0
       0
       0
       0
       0
       0
       0
       0
       0
       0
       0
       0
       0
       1
       0
       0
       1
       0
       0
       0
       0
       0
       0
       0
       0
       0
       0
       0
       0
       0
       0
       0
       0
       0
       0
       0
       0
       0
       0
       0
       0
       0
       0
       0
       0
       0
       0
       0
       0
       0
       0
       0
       0
       0
       0
       0
       1
       0
       0
       0
       0
       0
       1
       0
       0
       0
       0
       0
       0
       0
       0
       0
       0
       0
       0
       0
       0
       0
       0
       0
       0
       0
       0
       0
       0
       0
       0
       0
       0
       0
       0
       0
       0
       0
       0
       0
       0
       0
       0
       0
       0
       0
       0
       0
       0
       0
       0
       0
       0
       0
       0
       0
       0
       0
       0
       1
       0
       0
       0
       0
       0
       0
       0
       0
       0
       0
       0
       0
       0
       0
       0
       0
       0
       0
       0
       0
       0
       0
       0
       0
       0
       0
       0
       0
       0
       0
       0
       0
       0
       0
       0
       0
       0
       0
       0
       0
       0
       0
       0
       1
       0
       0
       0
       0
       0
       0
       0
       0
       0
       1
       0
       0
       0
       0
       0
       1
       0
       0
       3
       0
       2
       3
       2
       0
       1
       1
       1
       1
       0
       0
       0
       4
       0
       1
       0
       0
       0
       0
       0
       0
       0
       0
       0
       0
       0
       0
       0
       0
       0
       0
       0
       0
       0
       1
       0
       0
       0
       0
       0
       0
       0
       1
       0
       0
       0
       0
       0
       0
       0
       0
       0
       0
       0
       0
       0
       0
       0
       0
       0
       0
       0
       0
       0
       0
       0
       0
       1
       0
       0
       0
       0
       0
       0
       0
       0
       0
       0
       0
       0
       0
       0
       0
       0
       0
       0
       0
       0
       0
       0
       0
       0
       0
       0
       0
       0
       0
       0
       0
       0
       0
       0
       0
       0
       0
       1
       0
       0
       0
       0
       0
       0
       0
       0
       0
       0
       0
       0
       1
       0
       0
       0
       0
       0
       0
       0
       0
       0
       0
       0
       0
       0
       0
       1
       0
       0
       0
       0
       0
       0
       0
       0
       0
       0
       0
       0
       0
       0
       0
       0
       0
       0
       0
       0
       1
       0
       0
       0
       0
       0
       0
       0
       0
       0
       0
       0
       0
       0
       0
       0
       0
       0
       0
       0
       0
       0
       0
       0
       0
       0
       0
       0
       0
       0
       0
       0
       0
       0
       0
       0
       0
       0
       0
       0
       0
       0
       0
       0
       0
       0
       0
       0
       0
       0
       0
       0
       0
       0
       0
       0
       0
       0
       0
       0
       0
       0
       1
       0
       0
       0
       0
       0
       1
       1
       0
       0
       0
       0
       0
       1
       0
       0
       0
       0
       0
       0
       0
       0
       0
       0
       0
       0
       0
       0
       0
       0
       0
       0
       0
       0
       0
       0
       0
       0
       0
       0
       0
       0
       0
       0
       0
       0
       0
       0
       0
       0
       0
       0
       0
       0
       0
       0
       0
       0
       0
       0
       1
       0
       0
       0
       0
       0
       0
       0
       0
       0
       0
       0
       0
       0
       1
       0
       0
       0
       0
       0
       0
       0
       0
       0
       0
       0
       0
       0
       0
       1
       0
       0
       0
       0
       0
       0
       0
       0
       0
       0
       0
       0
       0
       0
       0
       0
       0
       0
       0
       0
       0
       0
       0
       0
       0
       0
       0
       0
       0
       0
       0
       0
       0
       0
       0
       0
       0
       0
       1
       0
       0
       0
       0
       0
       0
       0
       0
       0
       0
       0
       0
       0
       0
       0
       0
       0
       0
       0
       0
       0
       0
       0
       0
       0
       0
       0
       0
       0
       0
       0
       0
       0
       0
       0
       0
       0
       0
       0
       0
       0
       0
       0
       0
       0
       0
       0
       0
       0
       0
       0
       0
       0
       0
       0
       0
       0
       0
       0
       0
       0
       0
       0
       0
       0
       0
       0
       0
       0
       0
       0
       0
       0
       0
       0
       0
       0
       1
       0
       0
       0
       0
       0
       0
       0
       0
       0
       0
       0
       0
       0
       0
       0
       0
       0
       0
       0
       0
       1
       0
       0
       0
       0
       0
       0
       0
       0
       0
       0
       0
       0
       0
       0
       0
       0
       0
       0
       1
       0
       0
       0
       0
       0
       0
       0
       0
       0
       0
       0
       1
       0
       0
       0
       0
       0
       0
       0
       0
       0
       0
       0
       0
       1
       0
       0
       0
       0
       0
       0
       0
       0
       0
       0
       0
       0
       0
       0
       0
       0
       0
       1
       0
       0
       0
       0
       0
       0
       0
       0
       0
       0
       0
       0
       0
       0
       0
       0
       0
       0
       0
       0
       0
       0
       0
       0
       0
       0
       0
       0
       0
       0
       0
       0
       0
       0
       0
       0
       0
       0
       0
       0
       0
       0
       0
       0
       0
       0
       0
       0
       0
       0
       0
       0
       0
       0
       0
       0
       0
       0
       0
       0
       0
       0
       0
       0
       0
       0
       0
       0
       0
       0
       0
       0
       0
       0
       0
       0
       0
       0
       0
       0
       0
       0
       0
       0
       0
       0
       0
       0
       0
       0
       0
       0
       0
       0
       0
       0
       0
       0
       0
       0
       0
       0
       0
       0
       0
       0
       0
       0
       0
       0
       0
       0
       0
       0
       0
       0
       0
       0
       0
       0
       1
       0
       0
       0
       0
       0
       0
       0
       0
       0
       0
       0
       0
       0
       0
       0
       0
       0
       0
       0
       0
       1
       0
       0
       0
       0
       0
       0
       0
       0
       0
       0
       0
       0
       0
       0
       0
       0
       0
       0
       0
       0
       0
       0
       0
       0
       0
       0
       0
       0
       0
       0
       0
       0
       0
       0
       0
       0
       0
       0
       0
       0
       0
       0
       0
       0
       0
       0
       0
       0
       0
       0
       0
       1
       0
       0
       0
       0
       0
       0
       0
       0
       0
       0
       0
       1
       1
       1
       0
       0
       0
       0
       0
       0
       0
       0
       0
       0
       0
       1
       0
       0
       0
       0
       0
       0
       0
       0
       0
       0
       0
       0
       0
       0
       0
       0
       0
       0
       0
       0
       0
       0
       0
       0
       0
       0
       0
       0
       0
       0
       0
       0
       0
       0
       0
       0
       0
       0
       0
       0
       0
       0
       0
       0
       0
       0
       0
       0
       0
       0
       0
       0
       1
       0
       0
       0
       0
       0
       0
       0
       0
       0
       0
       0
       0
       0
       0
       0
       0
       0
       0
       0
       0
       0
       0
       0
       0
       0
       0
       0
       0
       0
       0
       0
       0
       0
       0
       1
       0
       0
       0
       0
       0
       0
       0
       0
       0
       0
       1
       0
       0
       0
       0
       0
       0
       0
       0
       0
       0
       0
       0
       1
       0
       0
       0
       0
       0
       0
       0
       0
       0
       0
       0
       0
       1
       0
       0
       0
       0
       0
       0
       0
       0
       0
       0
       0
       0
       0
       0
       0
       0
       0
       0
       0
       0
       0
       0
       0
       0
       0
       0
       0
       1
       0
       0
       0
       0
       0
       0
       0
       0
       0
       0
       0
       0
       0
       0
       0
       0
       0
       0
       0
       0
       0
       0
       0
       0
       1
       0
       1
       0
       0
       0
       0
       0
       0
       0
       0
       0
       0
       0
       0
       0
       0
       0
       0
       0
       0
       0
       0
       0
       0
       0
       0
       0
       0
       0
       0
       0
       0
       1
       0
       0
       0
       0
       0
       0
       0
       0
       0
       0
       0
       0
       0
       0
       0
       0
       0
       0
       0
       0
       0
       0
       0
       0
       0
       0
       0
       0
       0
       0
       0
       0
       0
       0
       0
       0
       0
       0
       0
       0
       0
       0
       0
       0
       0
       0
       0
       0
       0
       0
       0
       0
       0
       0
       1
       0
       0
       0
       0
       0
       0
       0
       0
       0
       0
       0
       0
       1
       0
       0
       0
       0
       0
       0
       0
       0
       0
       1
       0
       0
       0
       1
       0
       0
       0
       0
       0
       0
       0
       0
       0
       0
       0
       0
       0
       0
       0
       0
       0
       0
       0
       0
       0
       0
       0
       0
       0
       0
       0
       0
       0
       0
       0
       0
       0
       0
       0
       0
       0
       0
       0
       0
       0
       0
       0
       0
       0
       0
       0
       0
       0
       0
       0
       0
       0
       0
       0
       0
       0
       0
       0
       0
       0
       0
       0
       0
       0
       0
       0
       0
       0
       0
       0
       0
       0
       0
       0
       0
       0
       0
       0
       0
       1
       0
       0
       0
       0
       0
       0
       0
       0
       0
       0
       0
       0
       0
       0
       0
       0
       0
       0
       0
       0
       0
       0
       0
       0
       0
       0
       0
       0
       0
       0
       0
       0
       0
       0
       0
       0
       0
       1
       0
       0
       0
       0
       0
       0
       0
       0
       0
       0
       0
       0
       0
       0
       0
       0
       0
       0
       0
       0
       0
       0
       0
       0
       0
       0
       0
       0
       0
       0
       0
       0
       0
       0
       0
       0
       0
       0
       0
       0
       0
       0
       0
       0
       0
       0
       1
       0
       0
       0
       0
       0
       0
       0
       0
       0
       0
       0
       0
       1
       0
       0
       0
       0
       0
       0
       0
       0
       0
       0
       0
       0
       0
       0
       0
       0
       0
       0
       0
       0
       0
       0
       0
       0
       0
       0
       0
       0
       0
       0
       0
       0
       0
       0
       1
       0
       0
       0
       0
       0
       0
       0
       0
       0
       0
       0
       0
       0
       0
       0
       0
       0
       1
       0
       0
       0
       0
       0
       0
       0
       0
       0
       0
       0
       0
       0
       0
       0
       0
       0
       0
       0
       0
       0
       0
       0
       0
       0
       0
       0
       0
       0
       1
       0
       0
       0
       0
       0
       0
       0
       0
       0
       0
       0
       0
       0
       0
       0
       0
       0
       0
       0
       0
       0
       0
       0
       0
       0
       0
       0
       1
       0
       0
       0
       0
       0
       0
       0
       0
       0
       0
       0
       0
       0
       0
       0
       0
       0
       0
       0
       0
       0
       0
       0
       0
       0
       0
       0
       0
       0
       0
       0
       0
       0
       0
       0
       0
       0
       0
       0
       0
       0
       0
       0
       0
       0
       0
       0
       0
       0
       0
       0
       0
       0
       0
       0
       0
       0
       0
       0
       0
       0
       0
       1
       0
       0
       0
       0
       0
       0
       0
       0
       0
       0
       0
       0
       0
       0
       0
       1
       0
       0
       0
       0
       0
       0
       0
       0
       0
       0
       0
       0
       0
       0
       0
       0
       0
       0
       0
       0
       0
       0
       0
       0
       0
       0
       0
       0
       0
       0
       0
       0
       0
       0
       0
       0
       0
       0
       0
       0
       0
       0
       0
       0
       0
       0
       0
       0
       0
       0
       0
       0
       0
       0
       0
       0
       0
       0
       0
       0
       0
       0
       0
       0
       0
       0
       0
       0
       0
       0
       0
       0
       0
       0
       0
       0
       0
       0
       0
       0
       0
       0
       0
       0
       0
       0
       0
       0
       0
       0
       0
       0
       0
       0
       0
       0
       0
       0
       0
       0
       0
       0
       0
       0
       0
       0
       0
       0
       0
       0
       0
       0
       0
       0
       0
       0
       0
       1
       0
       0
       0
       0
       0
       0
       0
       0
       0
       0
       0
       0
       1
       0
       1
       1
       1
       1
       2
       1
       1
       1
       0
       1
       1
       1
       1
       0
       0
       0
       0
       0
       0
       1
       0
       2
       1
       1
       0
       1
       0
       4
       1
       1
       2
       0
       0
       1
       1
       2
       1
       0
       1
       1
       0
       0
       1
       1
       1
       3
       1
       2
       0
       1
       1
       0
       0
       0
       1
       0
       1
       1
       1
       0
       0
       1
       1
       0
       1
       0
       3
       1
       1
       2
       0
       0
       1
       2
       0
       0
       0
       0
       0
       0
       0
       0
       1
       2
       0
       0
       0
       1
       1
       0
       0
       0
       2
       0
       0
       2
       0
       1
       1
       1
       0
       0
       1
       1
       0
       2
       1
       2
       0
       0
       0
       1
       0
       2
       1
       1
       0
       0
       1
       0
       1
       1
       0
       0
       0
       1
       2
       2
       0
       0
       2
       1
       0
       0
       1
       1
       0
       0
       0
       0
       3
       0
       3
       2
       1
       2
       1
       1
       1
       0
       0
       3
       0
       1
       0
       0
       0
       1
       1
       1
       1
       2
       1
       1
       0
       2
       1
       0
       0
       0
       0
       1
       1
       1
       2
       0
       0
       1
       0
       0
       1
       1