# x y
-65.2 -0.045
-64.6 -0.03
-63.1 -0.03
-61.2 -0.03
-59.0 -0.03
-56.3 -0.035
-54.6 -0.035
-53.6 -0.03
-52.6 -0.03
-51.8 -0.0275
-50.5 -0.03
-48.8 -0.032
-47.3 -0.035
-45.9 -0.04
-44.5 -0.047
-43.2 -0.055
-41.5 -0.07
-39.8 -0.087
-38.0 -0.115
-36.2 -0.15
-34.5 -0.19
-33.0 -0.24
-31.4 -0.3
-29.8 -0.37
-28.2 -0.46
-26.7 -0.57
-25.2 -0.67
-23.6 -0.78
-22.1 -0.9
-20.7 -1.0
-19.4 -1.1
-17.8 -1.2
-16.3 -1.25
-14.8 -1.25
-13.3 -1.2
-11.7 -1.15
-10.1 -1.05
 -8.3 -0.9
 -6.7 -0.75
 -5.2 -0.65
 -3.3 -0.56
 -1.7 -0.52
 -0.2 -0.485
  1.5 -0.49
  3.1 -0.5
  4.4 -0.5
  5.6 -0.505
  7.1 -0.51
  8.4 -0.525
 10.0 -0.54
 11.4 -0.56
 13.1 -0.58
 14.7 -0.6
 16.3 -0.61
 18.0 -0.635
 19.8 -0.65
 21.6 -0.66
 23.2 -0.67
 24.9 -0.67
 26.7 -0.67
 28.2 -0.68
 30.1 -0.69
 31.8 -0.72
 33.7 -0.75
 35.3 -0.79
 37.0 -0.84
 38.6 -0.87
 40.2 -0.9
 42.0 -0.915
 43.6 -0.92
 45.5 -0.9
 47.3 -0.86
 49.1 -0.79
 51.0 -0.70
 53.0 -0.6
 54.8 -0.51
 56.6 -0.435






























