# x y 
-70.1 -0.035
-69.1 -0.03
-67.1 -0.03
-65.1 -0.033
-62.9 -0.035
-60.9 -0.035
-59.9 -0.035
-58.3 -0.033
-56.6 -0.03
-54.4 -0.03
-52.3 -0.033
-50.3 -0.035
-48.8 -0.035
-47.2 -0.04
-45.6 -0.05
-43.9 -0.065
-42.0 -0.08
-40.1 -0.1
-38.2 -0.115
-36.6 -0.145
-34.9 -0.18
-33.3 -0.22
-31.8 -0.275
-30.4 -0.34
-28.9 -0.41
-27.3 -0.49
-25.7 -0.6
-24.0 -0.72
-22.4 -0.85
-20.7 -1.0
-19.2 -1.15
-17.6 -1.25
-16.0 -1.3
-14.5 -1.31
-13.1 -1.27
-11.5 -1.2
 -9.9 -1.1
 -8.3 -0.95
 -6.7 -0.8
 -5.1 -0.67
 -3.3 -0.58
 -1.7 -0.52
 -0.3 -0.49
  1.3 -0.48
  2.9 -0.49
  4.6 -0.51
  6.3 -0.54
  8.0 -0.56
  9.6 -0.59
 11.3 -0.61
 12.8 -0.63
 14.3 -0.65
 16.3 -0.67
 18.3 -0.7
 20.1 -0.72
 22.0 -0.74
 23.6 -0.75
 25.1 -0.75
 27.0 -0.75
 28.6 -0.75
 29.9 -0.76
 31.4 -0.77
 32.8 -0.78
 34.3 -0.82
 36.1 -0.87
 38.6 -0.92
 39.6 -0.97
 41.2 -1.01
 43.0 -1.05
 44.6 -1.05
 46.2 -1.01
 47.7 -0.95
 49.3 -0.9
 50.8 -0.8
 52.4 -0.68 
 53.6 -0.58
 55.2 -0.5
 56.7 -0.43
